    416.96	 343298.00
    417.38	 293195.00
    417.81	 295047.00
    418.23	 296962.00
    418.65	 297592.00
    419.08	 297569.00
    419.50	 298966.00
    419.92	 299041.00
    420.34	 299298.00
    420.77	 299935.00
    421.19	 300419.00
    421.61	 300240.00
    422.03	 301053.00
    422.46	 301761.00
    422.88	 301132.00
    423.30	 301926.00
    423.73	 302058.00
    424.15	 301611.00
    424.57	 302316.00
    424.99	 302540.00
    425.42	 302233.00
    425.84	 302722.00
    426.26	 302274.00
    426.69	 302378.00
    427.11	 302703.00
    427.53	 302788.00
    427.95	 302818.00
    428.38	 302696.00
    428.80	 302793.00
    429.22	 302585.00
    429.64	 302764.00
    430.07	 303291.00
    430.49	 302843.00
    430.91	 303143.00
    431.34	 303151.00
    431.76	 302695.00
    432.18	 303190.00
    432.60	 303279.00
    433.03	 303426.00
    433.45	 303355.00
    433.87	 303295.00
    434.29	 303310.00
    434.72	 303056.00
    435.14	 303235.00
    435.56	 303315.00
    435.99	 303184.00
    436.41	 303458.00
    436.83	 303216.00
    437.25	 303046.00
    437.68	 303550.00
    438.10	 303433.00
    438.52	 303436.00
    438.95	 303274.00
    439.37	 302973.00
    439.79	 303184.00
    440.21	 303352.00
    440.64	 303522.00
    441.06	 303203.00
    441.48	 303416.00
    441.90	 303302.00
    442.33	 303007.00
    442.75	 303449.00
    443.17	 303350.00
    443.60	 303176.00
    444.02	 303461.00
    444.44	 303092.00
    444.86	 302898.00
    445.29	 303383.00
    445.71	 303118.00
    446.13	 303423.00
    446.55	 303480.00
    446.98	 303100.00
    447.40	 303286.00
    447.82	 303111.00
    448.25	 303017.00
    448.67	 303393.00
    449.09	 303239.00
    449.51	 303235.00
    449.94	 302903.00
    450.36	 303319.00
    450.78	 303376.00
    451.21	 303196.00
    451.63	 303531.00
    452.05	 303088.00
    452.47	 303392.00
    452.90	 303316.00
    453.32	 303059.00
    453.74	 303443.00
    454.16	 303332.00
    454.59	 303165.00
    455.01	 303031.00
    455.43	 302982.00
    455.86	 303146.00
    456.28	 303278.00
    456.70	 303147.00
    457.12	 303077.00
    457.55	 302861.00
    457.97	 303226.00
    458.39	 302881.00
    458.81	 303032.00
    459.24	 303259.00
    459.66	 302860.00
    460.08	 303044.00
    460.51	 302976.00
    460.93	 302678.00
    461.35	 303235.00
    461.77	 303060.00
    462.20	 303053.00
    462.62	 303137.00
    463.04	 302849.00
    463.47	 303156.00
    463.89	 303130.00
    464.31	 303072.00
    464.73	 303259.00
    465.16	 302814.00
    465.58	 302812.00
    466.00	 303009.00
    466.42	 302959.00
    466.85	 303203.00
    467.27	 303010.00
    467.69	 302813.00
    468.12	 302823.00
    468.54	 302846.00
    468.96	 303082.00
    469.38	 302836.00
    469.81	 303295.00
    470.23	 303223.00
    470.65	 302658.00
    471.07	 303013.00
    471.50	 302907.00
    471.92	 303039.00
    472.34	 303158.00
    472.77	 302871.00
    473.19	 303003.00
    473.61	 302812.00
    474.03	 302527.00
    474.46	 302880.00
    474.88	 303000.00
    475.30	 302955.00
    475.73	 302860.00
    476.15	 302726.00
    476.57	 302963.00
    476.99	 302714.00
    477.42	 302972.00
    477.84	 302917.00
    478.26	 302796.00
    478.68	 302971.00
    479.11	 302729.00
    479.53	 303107.00
    479.95	 303054.00
    480.38	 302729.00
    480.80	 303248.00
    481.22	 302636.00
    481.64	 302476.00
    482.07	 302921.00
    482.49	 302942.00
    482.91	 303092.00
    483.34	 303011.00
    483.76	 302825.00
    484.18	 302842.00
    484.60	 302747.00
    485.03	 303035.00
    485.45	 302968.00
    485.87	 302841.00
    486.29	 302815.00
    486.72	 302553.00
    487.14	 302875.00
    487.56	 302923.00
    487.99	 303001.00
    488.41	 303222.00
    488.83	 302655.00
    489.25	 302856.00
    489.68	 302879.00
    490.10	 302607.00
    490.52	 302975.00
    490.94	 302961.00
    491.37	 302719.00
    491.79	 302896.00
    492.21	 302649.00
    492.64	 302842.00
    493.06	 303165.00
    493.48	 302881.00
    493.90	 302762.00
    494.33	 302799.00
    494.75	 302783.00
    495.17	 302833.00
    495.60	 302777.00
    496.02	 303043.00
    496.44	 302756.00
    496.86	 302952.00
    497.29	 302750.00
    497.71	 302434.00
    498.13	 303199.00
    498.55	 303024.00
    498.98	 302733.00
    499.40	 302971.00
    499.82	 302547.00
    500.25	 302933.00
    500.67	 302906.00
    501.09	 302975.00
    501.51	 303110.00
    501.94	 302725.00
    502.36	 302850.00
    502.78	 302840.00
    503.20	 302719.00
    503.63	 302836.00
    504.05	 302904.00
    504.47	 302734.00
    504.90	 302455.00
    505.32	 302535.00
    505.74	 302760.00
    506.16	 302758.00
    506.59	 302854.00
    507.01	 302836.00
    507.43	 302268.00
    507.86	 302803.00
    508.28	 302759.00
    508.70	 302813.00
    509.12	 303027.00
    509.55	 302487.00
    509.97	 302768.00
    510.39	 302727.00
    510.81	 302788.00
    511.24	 302889.00
    511.66	 302771.00
    512.08	 302970.00
    512.51	 302651.00
    512.93	 302407.00
    513.35	 302631.00
    513.77	 302601.00
    514.20	 302874.00
    514.62	 302626.00
    515.04	 302541.00
    515.46	 302893.00
    515.89	 302559.00
    516.31	 302814.00
    516.73	 302997.00
    517.16	 302714.00
    517.58	 302920.00
    518.00	 302732.00
    518.42	 302578.00
    518.85	 302867.00
    519.27	 302727.00
    519.69	 302796.00
    520.12	 302543.00
    520.54	 302639.00
    520.96	 302754.00
    521.38	 302489.00
    521.81	 302833.00
    522.23	 302608.00
    522.65	 302680.00
    523.07	 302785.00
    523.50	 302390.00
    523.92	 302675.00
    524.34	 302760.00
    524.77	 302625.00
    525.19	 303079.00
    525.61	 302423.00
    526.03	 302675.00
    526.46	 302674.00
    526.88	 302530.00
    527.30	 302960.00
    527.72	 302799.00
    528.15	 302660.00
    528.57	 302580.00
    528.99	 302670.00
    529.42	 302825.00
    529.84	 302755.00
    530.26	 302905.00
    530.68	 302558.00
    531.11	 302270.00
    531.53	 302780.00
    531.95	 302700.00
    532.38	 302636.00
    532.80	 302852.00
    533.22	 302637.00
    533.64	 302752.00
    534.07	 302612.00
    534.49	 302420.00
    534.91	 303064.00
    535.33	 302832.00
    535.76	 302562.00
    536.18	 302764.00
    536.60	 302525.00
    537.03	 302723.00
    537.45	 302855.00
    537.87	 302647.00
    538.29	 302691.00
    538.72	 302542.00
    539.14	 302753.00
    539.56	 302641.00
    539.99	 302672.00
    540.41	 302925.00
    540.83	 302679.00
    541.25	 302707.00
    541.68	 302306.00
    542.10	 302606.00
    542.52	 302798.00
    542.94	 302449.00
    543.37	 302907.00
    543.79	 302679.00
    544.21	 302351.00
    544.64	 302887.00
    545.06	 302481.00
    545.48	 302848.00
    545.90	 302936.00
    546.33	 302454.00
    546.75	 302564.00
    547.17	 302801.00
    547.59	 302711.00
    548.02	 302886.00
    548.44	 302449.00
    548.86	 302849.00
    549.29	 302490.00
    549.71	 302533.00
    550.13	 302650.00
    550.55	 302676.00
    550.98	 302939.00
    551.40	 302426.00
    551.82	 302311.00
    552.25	 302746.00
    552.67	 302452.00
    553.09	 302849.00
    553.51	 302744.00
    553.94	 302240.00
    554.36	 302944.00
    554.78	 302432.00
    555.20	 302310.00
    555.63	 302772.00
    556.05	 302685.00
    556.47	 302835.00
    556.90	 302637.00
    557.32	 302484.00
    557.74	 302531.00
    558.16	 302737.00
    558.59	 302912.00
    559.01	 302528.00
    559.43	 302471.00
    559.85	 302710.00
    560.28	 302212.00
    560.70	 302587.00
    561.12	 302693.00
    561.55	 302641.00
    561.97	 302770.00
    562.39	 302322.00
    562.81	 302499.00
    563.24	 302590.00
    563.66	 302589.00
    564.08	 302777.00
    564.51	 302513.00
    564.93	 302372.00
    565.35	 302548.00
    565.77	 302460.00
    566.20	 302655.00
    566.62	 302664.00
    567.04	 302668.00
    567.46	 302598.00
    567.89	 302468.00
    568.31	 302742.00
    568.73	 302439.00
    569.16	 302587.00
    569.58	 302935.00
    570.00	 302557.00
    570.42	 302774.00
    570.85	 302661.00
    571.27	 302280.00
    571.69	 302890.00
    572.11	 302568.00
    572.54	 302619.00
    572.96	 302551.00
    573.38	 302181.00
    573.81	 302618.00
    574.23	 302825.00
    574.65	 302725.00
    575.07	 302597.00
    575.50	 302423.00
    575.92	 302764.00
    576.34	 302678.00
    576.77	 302676.00
    577.19	 302816.00
    577.61	 302463.00
    578.03	 302693.00
    578.46	 302418.00
    578.88	 302385.00
    579.30	 302682.00
    579.72	 302352.00
    580.15	 302472.00
    580.57	 302478.00
    580.99	 302282.00
    581.42	 302831.00
    581.84	 302499.00
    582.26	 302540.00
    582.68	 302925.00
    583.11	 302605.00
    583.53	 302513.00
    583.95	 302415.00
    584.37	 302702.00
    584.80	 302784.00
    585.22	 302647.00
    585.64	 302633.00
    586.07	 302451.00
    586.49	 302632.00
    586.91	 302585.00
    587.33	 302534.00
    587.76	 302952.00
    588.18	 302561.00
    588.60	 302358.00
    589.03	 302728.00
    589.45	 302424.00
    589.87	 302735.00
    590.29	 302648.00
    590.72	 302564.00
    591.14	 302692.00
    591.56	 302494.00
    591.98	 302473.00
    592.41	 302700.00
    592.83	 302604.00
    593.25	 302712.00
    593.68	 302521.00
    594.10	 302249.00
    594.52	 302386.00
    594.94	 302610.00
    595.37	 302825.00
    595.79	 302589.00
    596.21	 302775.00
    596.64	 302652.00
    597.06	 302262.00
    597.48	 302859.00
    597.90	 302699.00
    598.33	 302329.00
    598.75	 302738.00
    599.17	 302266.00
    599.59	 302335.00
    600.02	 302594.00
    600.44	 302646.00
    600.86	 302814.00
    601.29	 302454.00
    601.71	 302353.00
    602.13	 302600.00
    602.55	 302524.00
    602.98	 302743.00
    603.40	 302516.00
    603.82	 302650.00
    604.24	 302289.00
    604.67	 302295.00
    605.09	 302747.00
    605.51	 302604.00
    605.94	 302454.00
    606.36	 302625.00
    606.78	 302281.00
    607.20	 302520.00
    607.63	 302540.00
    608.05	 302457.00
    608.47	 302812.00
    608.90	 302463.00
    609.32	 302536.00
    609.74	 302649.00
    610.16	 302291.00
    610.59	 302634.00
    611.01	 302710.00
    611.43	 302776.00
    611.85	 302405.00
    612.28	 302192.00
    612.70	 302606.00
    613.12	 302573.00
    613.55	 302794.00
    613.97	 302714.00
    614.39	 302375.00
    614.81	 302693.00
    615.24	 302350.00
    615.66	 302350.00
    616.08	 302847.00
    616.50	 302437.00
    616.93	 302451.00
    617.35	 302460.00
    617.77	 302300.00
    618.20	 302709.00
    618.62	 302461.00
    619.04	 302510.00
    619.46	 302634.00
    619.89	 302335.00
    620.31	 302593.00
    620.73	 302579.00
    621.16	 302545.00
    621.58	 302444.00
    622.00	 302560.00
    622.42	 302499.00
    622.85	 302505.00
    623.27	 302575.00
    623.69	 302574.00
    624.11	 302389.00
    624.54	 302780.00
    624.96	 302665.00
    625.38	 302313.00
    625.81	 302376.00
    626.23	 302387.00
    626.65	 302621.00
    627.07	 302778.00
    627.50	 302507.00
    627.92	 302426.00
    628.34	 302451.00
    628.76	 302487.00
    629.19	 302567.00
    629.61	 302621.00
    630.03	 302702.00
    630.46	 302284.00
    630.88	 302609.00
    631.30	 302470.00
    631.72	 302447.00
    632.15	 302809.00
    632.57	 302411.00
    632.99	 302585.00
    633.42	 302548.00
    633.84	 302425.00
    634.26	 302734.00
    634.68	 302695.00
    635.11	 302288.00
    635.53	 302699.00
    635.95	 302315.00
    636.37	 302339.00
    636.80	 302686.00
    637.22	 302648.00
    637.64	 302624.00
    638.07	 302256.00
    638.49	 302521.00
    638.91	 302524.00
    639.33	 302707.00
    639.76	 302512.00
    640.18	 302471.00
    640.60	 302599.00
    641.02	 302591.00
    641.45	 302301.00
    641.87	 302638.00
    642.29	 302639.00
    642.72	 302609.00
    643.14	 302844.00
    643.56	 302112.00
    643.98	 302556.00
    644.41	 302635.00
    644.83	 302302.00
    645.25	 302693.00
    645.68	 302540.00
    646.10	 302314.00
    646.52	 302382.00
    646.94	 302422.00
    647.37	 302605.00
    647.79	 302457.00
    648.21	 302647.00
    648.63	 302340.00
    649.06	 302224.00
    649.48	 302777.00
    649.90	 302380.00
    650.33	 302806.00
    650.75	 302691.00
    651.17	 302282.00
    651.59	 302637.00
    652.02	 302358.00
    652.44	 302389.00
    652.86	 302891.00
    653.29	 302475.00
    653.71	 302483.00
    654.13	 302502.00
    654.55	 302276.00
    654.98	 302675.00
    655.40	 302470.00
    655.82	 302522.00
    656.24	 302632.00
    656.67	 302231.00
    657.09	 302320.00
    657.51	 302410.00
    657.94	 302458.00
    658.36	 302459.00
    658.78	 302538.00
    659.20	 302636.00
    659.63	 302488.00
    660.05	 302584.00
    660.47	 302735.00
    660.89	 302647.00
    661.32	 302734.00
    661.74	 302370.00
    662.16	 302210.00
    662.59	 302565.00
    663.01	 302397.00
    663.43	 302676.00
    663.85	 302664.00
    664.28	 302384.00
    664.70	 302263.00
    665.12	 302401.00
    665.55	 302676.00
    665.97	 302493.00
    666.39	 302308.00
    666.81	 302578.00
    667.24	 302300.00
    667.66	 302508.00
    668.08	 302504.00
    668.50	 302436.00
    668.93	 302716.00
    669.35	 302319.00
    669.77	 302336.00
    670.20	 302603.00
    670.62	 302128.00
    671.04	 302754.00
    671.46	 302588.00
    671.89	 302236.00
    672.31	 302578.00
    672.73	 302292.00
    673.15	 302329.00
    673.58	 302524.00
    674.00	 302349.00
    674.42	 302614.00
    674.85	 302352.00
    675.27	 302369.00
    675.69	 302433.00
    676.11	 302504.00
    676.54	 302718.00
    676.96	 302175.00
    677.38	 302429.00
    677.81	 302412.00
    678.23	 302352.00
    678.65	 302747.00
    679.07	 302481.00
    679.50	 302638.00
    679.92	 302660.00
    680.34	 302191.00
    680.76	 302573.00
    681.19	 302472.00
    681.61	 302435.00
    682.03	 302535.00
    682.46	 302400.00
    682.88	 302213.00
    683.30	 302575.00
    683.72	 302370.00
    684.15	 302540.00
    684.57	 302617.00
    684.99	 302657.00
    685.41	 302475.00
    685.84	 302217.00
    686.26	 302650.00
    686.68	 302540.00
    687.11	 302745.00
    687.53	 302557.00
    687.95	 302201.00
    688.37	 302610.00
    688.80	 302523.00
    689.22	 302474.00
    689.64	 302869.00
    690.07	 302497.00
    690.49	 302648.00
    690.91	 302474.00
    691.33	 302260.00
    691.76	 302662.00
    692.18	 302584.00
    692.60	 302412.00
    693.02	 302493.00
    693.45	 302370.00
    693.87	 302552.00
    694.29	 302434.00
    694.72	 302577.00
    695.14	 302711.00
    695.56	 302299.00
    695.98	 302509.00
    696.41	 302238.00
    696.83	 302523.00
    697.25	 302795.00
    697.67	 302445.00
    698.10	 302626.00
    698.52	 302383.00
    698.94	 302227.00
    699.37	 302735.00
    699.79	 302355.00
    700.21	 302420.00
    700.63	 302606.00
    701.06	 302173.00
    701.48	 302372.00
    701.90	 302354.00
    702.33	 302511.00
    702.75	 302628.00
    703.17	 302318.00
    703.59	 302462.00
    704.02	 302255.00
    704.44	 302534.00
    704.86	 302502.00
    705.28	 302256.00
    705.71	 302760.00
    706.13	 302569.00
    706.55	 302448.00
    706.98	 302676.00
    707.40	 302298.00
    707.82	 302853.00
    708.24	 302561.00
    708.67	 302440.00
    709.09	 302380.00
    709.51	 302240.00
    709.94	 302411.00
    710.36	 302613.00
    710.78	 302585.00
    711.20	 302524.00
    711.63	 302395.00
    712.05	 302432.00
    712.47	 302222.00
    712.89	 302385.00
    713.32	 302850.00
    713.74	 302304.00
    714.16	 302426.00
    714.59	 302386.00
    715.01	 302230.00
    715.43	 302958.00
    715.85	 302619.00
    716.28	 302489.00
    716.70	 302587.00
    717.12	 302218.00
    717.54	 302432.00
    717.97	 302571.00
    718.39	 302546.00
    718.81	 302734.00
    719.24	 302330.00
    719.66	 302378.00
    720.08	 302410.00
    720.50	 302493.00
    720.93	 302698.00
    721.35	 302386.00
    721.77	 302579.00
    722.20	 302243.00
    722.62	 302221.00
    723.04	 302689.00
    723.46	 302399.00
    723.89	 302852.00
    724.31	 302508.00
    724.73	 302198.00
    725.15	 302798.00
    725.58	 302488.00
    726.00	 302605.00
    726.42	 302775.00
    726.85	 302404.00
    727.27	 302319.00
    727.69	 302440.00
    728.11	 302417.00
    728.54	 302612.00
    728.96	 302700.00
    729.38	 302482.00
    729.80	 302387.00
    730.23	 302329.00
    730.65	 302477.00
    731.07	 302441.00
    731.50	 302706.00
    731.92	 302491.00
    732.34	 302310.00
    732.76	 302587.00
    733.19	 302226.00
    733.61	 302494.00
    734.03	 302912.00
    734.46	 302175.00
    734.88	 302705.00
    735.30	 302537.00
    735.72	 302365.00
    736.15	 302556.00
    736.57	 302467.00
    736.99	 302510.00
    737.41	 302388.00
    737.84	 302338.00
    738.26	 302533.00
    738.68	 302368.00
    739.11	 302595.00
    739.53	 302400.00
    739.95	 302476.00
    740.37	 302427.00
    740.80	 302045.00
    741.22	 302657.00
    741.64	 302547.00
    742.06	 302352.00
    742.49	 302785.00
    742.91	 302305.00
    743.33	 302390.00
    743.76	 302577.00
    744.18	 302257.00
    744.60	 302693.00
    745.02	 302645.00
    745.45	 302390.00
    745.87	 302477.00
    746.29	 302348.00
    746.72	 302551.00
    747.14	 302808.00
    747.56	 302492.00
    747.98	 302552.00
    748.41	 302339.00
    748.83	 302510.00
    749.25	 302385.00
    749.67	 302519.00
    750.10	 302830.00
    750.52	 302357.00
    750.94	 302458.00
    751.37	 302190.00
    751.79	 302281.00
    752.21	 302793.00
    752.63	 302416.00
    753.06	 302420.00
    753.48	 302448.00
    753.90	 302288.00
    754.32	 302635.00
    754.75	 302502.00
    755.17	 302613.00
    755.59	 302557.00
    756.02	 302326.00
    756.44	 302330.00
    756.86	 302521.00
    757.28	 302528.00
    757.71	 302549.00
    758.13	 302164.00
    758.55	 302477.00
    758.98	 302385.00
    759.40	 302236.00
    759.82	 302637.00
    760.24	 302420.00
    760.67	 302727.00
    761.09	 302517.00
    761.51	 302194.00
    761.93	 302625.00
    762.36	 302543.00
    762.78	 302688.00
    763.20	 302629.00
    763.63	 302356.00
    764.05	 302571.00
    764.47	 302550.00
    764.89	 302412.00
    765.32	 302535.00
    765.74	 302497.00
    766.16	 302651.00
    766.59	 302350.00
    767.01	 302272.00
    767.43	 302502.00
    767.85	 302275.00
    768.28	 302403.00
    768.70	 302608.00
    769.12	 302280.00
    769.54	 302653.00
    769.97	 302227.00
    770.39	 302604.00
    770.81	 302708.00
    771.24	 302288.00
    771.66	 302658.00
    772.08	 302283.00
    772.50	 302380.00
    772.93	 302817.00
    773.35	 302711.00
    773.77	 302644.00
    774.19	 302427.00
    774.62	 302455.00
    775.04	 302359.00
    775.46	 302434.00
    775.89	 302785.00
    776.31	 302392.00
    776.73	 302467.00
    777.15	 302450.00
    777.58	 302120.00
    778.00	 302582.00
    778.42	 302647.00
    778.85	 302320.00
    779.27	 302475.00
    779.69	 302258.00
    780.11	 302277.00
    780.54	 302488.00
    780.96	 302324.00
    781.38	 302613.00
    781.80	 302493.00
    782.23	 302298.00
    782.65	 302182.00
    783.07	 302377.00
    783.50	 302609.00
    783.92	 302569.00
    784.34	 302609.00
    784.76	 302387.00
    785.19	 302226.00
    785.61	 302574.00
    786.03	 302412.00
    786.45	 302363.00
    786.88	 302720.00
    787.30	 302372.00
    787.72	 302400.00
    788.15	 302503.00
    788.57	 302100.00
    788.99	 302828.00
    789.41	 302552.00
    789.84	 302398.00
    790.26	 302489.00
    790.68	 302305.00
    791.11	 302433.00
    791.53	 302549.00
    791.95	 302519.00
    792.37	 302535.00
    792.80	 302227.00
    793.22	 302554.00
    793.64	 302250.00
    794.06	 302435.00
    794.49	 302781.00
    794.91	 302302.00
    795.33	 302231.00
    795.76	 302370.00
    796.18	 302221.00
    796.60	 302722.00
    797.02	 302350.00
    797.45	 302429.00
    797.87	 302446.00
    798.29	 302196.00
    798.71	 302584.00
    799.14	 302626.00
    799.56	 302373.00
    799.98	 302662.00
    800.41	 302402.00
    800.83	 302599.00
    801.25	 302561.00
    801.67	 302592.00
    802.10	 302535.00
    802.52	 302416.00
    802.94	 302617.00
    803.37	 302431.00
    803.79	 302405.00
    804.21	 302428.00
    804.63	 302398.00
    805.06	 302666.00
    805.48	 302375.00
    805.90	 302043.00
    806.32	 302604.00
    806.75	 302330.00
    807.17	 302383.00
    807.59	 302677.00
    808.02	 302151.00
    808.44	 302429.00
    808.86	 302323.00
    809.28	 302251.00
    809.71	 302505.00
    810.13	 302592.00
    810.55	 302415.00
    810.97	 302311.00
    811.40	 302310.00
    811.82	 302413.00
    812.24	 302370.00
    812.67	 302477.00
    813.09	 302438.00
    813.51	 302227.00
    813.93	 302500.00
    814.36	 302277.00
    814.78	 302411.00
    815.20	 302608.00
    815.63	 302338.00
    816.05	 302776.00
    816.47	 302210.00
    816.89	 302286.00
    817.32	 302640.00
    817.74	 302295.00
    818.16	 302854.00
    818.58	 302600.00
    819.01	 302469.00
    819.43	 302294.00
    819.85	 302401.00
    820.28	 302599.00
    820.70	 302497.00
    821.12	 302589.00
    821.54	 302252.00
    821.97	 302304.00
    822.39	 302652.00
    822.81	 302521.00
    823.24	 302374.00
    823.66	 302567.00
    824.08	 302306.00
    824.50	 302377.00
    824.93	 302385.00
    825.35	 302195.00
    825.77	 302784.00
    826.19	 302329.00
    826.62	 302349.00
    827.04	 302373.00
    827.46	 302246.00
    827.89	 302605.00
    828.31	 302565.00
    828.73	 302660.00
    829.15	 302529.00
    829.58	 302526.00
    830.00	 302463.00
    830.42	 302351.00
    830.84	 302476.00
    831.27	 302579.00
    831.69	 302193.00
    832.11	 302350.00
    832.54	 302257.00
    832.96	 302189.00
    833.38	 302800.00
    833.80	 302441.00
    834.23	 302539.00
    834.65	 302465.00
    835.07	 302285.00
    835.50	 302374.00
    835.92	 302452.00
    836.34	 302616.00
    836.76	 302454.00
    837.19	 302290.00
    837.61	 302509.00
    838.03	 302578.00
    838.45	 302665.00
    838.88	 302739.00
    839.30	 302448.00
    839.72	 302445.00
    840.15	 302406.00
    840.57	 302317.00
    840.99	 302591.00
    841.41	 302422.00
    841.84	 302609.00
    842.26	 302403.00
    842.68	 302116.00
    843.10	 302622.00
    843.53	 302352.00
    843.95	 302320.00
    844.37	 302393.00
    844.80	 302203.00
    845.22	 302438.00
    845.64	 302384.00
    846.06	 302302.00
    846.49	 302577.00
    846.91	 302412.00
    847.33	 302499.00
    847.76	 302212.00
    848.18	 302499.00
    848.60	 302440.00
    849.02	 302621.00
    849.45	 302664.00
    849.87	 302347.00
    850.29	 302298.00
    850.71	 302590.00
    851.14	 302131.00
    851.56	 302477.00
    851.98	 302709.00
    852.41	 302279.00
    852.83	 302508.00
    853.25	 302191.00
    853.67	 302349.00
    854.10	 302648.00
    854.52	 302366.00
    854.94	 302656.00
    855.36	 302358.00
    855.79	 302344.00
    856.21	 302460.00
    856.63	 302435.00
    857.06	 302619.00
    857.48	 302524.00
    857.90	 302465.00
    858.32	 302487.00
    858.75	 302285.00
    859.17	 302596.00
    859.59	 302675.00
    860.02	 302488.00
    860.44	 302565.00
    860.86	 302197.00
    861.28	 302464.00
    861.71	 302620.00
    862.13	 302378.00
    862.55	 302737.00
    862.97	 302537.00
    863.40	 302432.00
    863.82	 302299.00
    864.24	 302121.00
    864.67	 302720.00
    865.09	 302624.00
    865.51	 302468.00
    865.93	 302389.00
    866.36	 302258.00
    866.78	 302581.00
    867.20	 302358.00
    867.62	 302684.00
    868.05	 302665.00
    868.47	 302227.00
    868.89	 302677.00
    869.32	 302424.00
    869.74	 302127.00
    870.16	 302838.00
    870.58	 302507.00
    871.01	 302255.00
    871.43	 302467.00
    871.85	 302245.00
    872.28	 302610.00
    872.70	 302443.00
    873.12	 302543.00
    873.54	 302438.00
    873.97	 302233.00
    874.39	 302389.00
    874.81	 302398.00
    875.23	 302848.00
    875.66	 302525.00
    876.08	 302267.00
    876.50	 302457.00
    876.93	 302246.00
    877.35	 302384.00
    877.77	 302679.00
    878.19	 302346.00
    878.62	 302608.00
    879.04	 302409.00
    879.46	 302105.00
    879.89	 302457.00
    880.31	 302404.00
    880.73	 302426.00
    881.15	 302480.00
    881.58	 302173.00
    882.00	 302271.00
    882.42	 302212.00
    882.84	 302357.00
    883.27	 302364.00
    883.69	 302443.00
    884.11	 302532.00
    884.54	 302186.00
    884.96	 302405.00
    885.38	 302511.00
    885.80	 302591.00
    886.23	 302674.00
    886.65	 302302.00
    887.07	 302118.00
    887.49	 302546.00
    887.92	 302209.00
    888.34	 302656.00
    888.76	 302304.00
    889.19	 302255.00
    889.61	 302506.00
    890.03	 302314.00
    890.45	 302371.00
    890.88	 302730.00
    891.30	 302436.00
    891.72	 302547.00
    892.15	 302265.00
    892.57	 302351.00
    892.99	 302532.00
    893.41	 302437.00
    893.84	 302921.00
    894.26	 302291.00
    894.68	 302416.00
    895.10	 302536.00
    895.53	 302107.00
    895.95	 302752.00
    896.37	 302610.00
    896.80	 302550.00
    897.22	 302547.00
    897.64	 302341.00
    898.06	 302498.00
    898.49	 302620.00
    898.91	 302224.00
    899.33	 302538.00
    899.75	 302477.00
    900.18	 302161.00
    900.60	 302481.00
    901.02	 302259.00
    901.45	 302510.00
    901.87	 302466.00
    902.29	 302559.00
    902.71	 302430.00
    903.14	 302186.00
    903.56	 302630.00
    903.98	 302410.00
    904.41	 302681.00
    904.83	 302425.00
    905.25	 302266.00
    905.67	 302438.00
    906.10	 302383.00
    906.52	 302357.00
    906.94	 302671.00
    907.36	 302374.00
    907.79	 302393.00
    908.21	 302329.00
    908.63	 302301.00
    909.06	 302395.00
    909.48	 302498.00
    909.90	 302328.00
    910.32	 302353.00
    910.75	 302351.00
    911.17	 302591.00
    911.59	 302341.00
    912.01	 302465.00
    912.44	 302614.00
    912.86	 302400.00
    913.28	 302400.00
    913.71	 302289.00
    914.13	 302515.00
    914.55	 302693.00
    914.97	 302298.00
    915.40	 302498.00
    915.82	 302513.00
    916.24	 302346.00
    916.67	 302525.00
    917.09	 302457.00
    917.51	 302541.00
    917.93	 302564.00
    918.36	 302205.00
    918.78	 302186.00
    919.20	 302240.00
    919.62	 302566.00
    920.05	 302496.00
    920.47	 302272.00
    920.89	 302437.00
    921.32	 302383.00
    921.74	 302425.00
    922.16	 302624.00
    922.58	 302534.00
    923.01	 302611.00
    923.43	 302343.00
    923.85	 302221.00
    924.27	 302425.00
    924.70	 302310.00
    925.12	 302786.00
    925.54	 302566.00
    925.97	 302202.00
    926.39	 302588.00
    926.81	 302116.00
    927.23	 302362.00
    927.66	 302817.00
    928.08	 302399.00
    928.50	 302500.00
    928.93	 302171.00
    929.35	 302465.00
    929.77	 302486.00
    930.19	 302579.00
    930.62	 302765.00
    931.04	 302403.00
    931.46	 302561.00
    931.88	 302513.00
    932.31	 302401.00
    932.73	 302621.00
    933.15	 302451.00
    933.58	 302485.00
    934.00	 302422.00
    934.42	 302201.00
    934.84	 302435.00
    935.27	 302595.00
    935.69	 302422.00
    936.11	 302464.00
    936.54	 302382.00
    936.96	 302317.00
    937.38	 302299.00
    937.80	 302251.00
    938.23	 302590.00
    938.65	 302461.00
    939.07	 302628.00
    939.49	 302211.00
    939.92	 302041.00
    940.34	 302656.00
    940.76	 302485.00
    941.19	 302595.00
    941.61	 302515.00
    942.03	 302270.00
    942.45	 302520.00
    942.88	 302411.00
    943.30	 302380.00
    943.72	 302726.00
    944.14	 302434.00
    944.57	 302485.00
    944.99	 302528.00
    945.41	 302254.00
    945.84	 302551.00
    946.26	 302552.00
    946.68	 302485.00
    947.10	 302362.00
    947.53	 302287.00
    947.95	 302550.00
    948.37	 302101.00
    948.80	 302709.00
    949.22	 302443.00
    949.64	 302263.00
    950.06	 302486.00
    950.49	 302289.00
    950.91	 302539.00
    951.33	 302779.00
    951.75	 302373.00
    952.18	 302526.00
    952.60	 302466.00
    953.02	 302290.00
    953.45	 302554.00
    953.87	 302575.00
    954.29	 302573.00
    954.71	 302624.00
    955.14	 302133.00
    955.56	 302403.00
    955.98	 302333.00
    956.40	 302539.00
    956.83	 302487.00
    957.25	 302181.00
    957.67	 302361.00
    958.10	 302275.00
    958.52	 302541.00
    958.94	 302779.00
    959.36	 302330.00
    959.79	 302810.00
    960.21	 302454.00
    960.63	 302150.00
    961.06	 302700.00
    961.48	 302466.00
    961.90	 302651.00
    962.32	 302385.00
    962.75	 302095.00
    963.17	 302343.00
    963.59	 302399.00
    964.01	 302562.00
    964.44	 302478.00
    964.86	 302422.00
    965.28	 302384.00
    965.71	 302209.00
    966.13	 302314.00
    966.55	 302482.00
    966.97	 302487.00
    967.40	 302675.00
    967.82	 302086.00
    968.24	 302441.00
    968.66	 302452.00
    969.09	 302321.00
    969.51	 302683.00
    969.93	 302604.00
    970.36	 302474.00
    970.78	 302513.00
    971.20	 302328.00
    971.62	 302544.00
    972.05	 302647.00
    972.47	 302601.00
    972.89	 302627.00
    973.32	 302355.00
    973.74	 302402.00
    974.16	 302397.00
    974.58	 302409.00
    975.01	 302697.00
    975.43	 302109.00
    975.85	 302580.00
    976.27	 302252.00
    976.70	 302066.00
    977.12	 302721.00
    977.54	 302472.00
    977.97	 302659.00
    978.39	 302521.00
    978.81	 302037.00
    979.23	 302593.00
    979.66	 302641.00
    980.08	 302646.00
    980.50	 302374.00
    980.92	 302289.00
    981.35	 302417.00
    981.77	 302415.00
    982.19	 302321.00
    982.62	 302590.00
    983.04	 302372.00
