    416.96	 104134.00
    417.38	  90052.00
    417.81	  90686.00
    418.23	  91491.00
    418.65	  91816.00
    419.08	  92059.00
    419.50	  92715.00
    419.92	  92946.00
    420.34	  93063.00
    420.77	  93521.00
    421.19	  93812.00
    421.61	  94061.00
    422.03	  94436.00
    422.46	  94804.00
    422.88	  94818.00
    423.30	  95298.00
    423.73	  95612.00
    424.15	  95527.00
    424.57	  96023.00
    424.99	  96380.00
    425.42	  96298.00
    425.84	  96837.00
    426.26	  96966.00
    426.69	  97010.00
    427.11	  97412.00
    427.53	  97802.00
    427.95	  97861.00
    428.38	  98095.00
    428.80	  98582.00
    429.22	  98593.00
    429.64	  99071.00
    430.07	  99325.00
    430.49	  99277.00
    430.91	  99633.00
    431.34	 100091.00
    431.76	 100185.00
    432.18	 100493.00
    432.60	 100875.00
    433.03	 100943.00
    433.45	 101348.00
    433.87	 101618.00
    434.29	 101802.00
    434.72	 102221.00
    435.14	 102462.00
    435.56	 102615.00
    435.99	 103109.00
    436.41	 103279.00
    436.83	 103450.00
    437.25	 103755.00
    437.68	 104145.00
    438.10	 104232.00
    438.52	 104788.00
    438.95	 105195.00
    439.37	 105354.00
    439.79	 105459.00
    440.21	 106161.00
    440.64	 106373.00
    441.06	 106704.00
    441.48	 106828.00
    441.90	 107147.00
    442.33	 107534.00
    442.75	 107900.00
    443.17	 108065.00
    443.60	 108112.00
    444.02	 108411.00
    444.44	 108886.00
    444.86	 109274.00
    445.29	 109352.00
    445.71	 109784.00
    446.13	 110073.00
    446.55	 110335.00
    446.98	 110665.00
    447.40	 111040.00
    447.82	 111554.00
    448.25	 112026.00
    448.67	 112175.00
    449.09	 112576.00
    449.51	 112798.00
    449.94	 113286.00
    450.36	 113553.00
    450.78	 113734.00
    451.21	 114436.00
    451.63	 114651.00
    452.05	 115251.00
    452.47	 115285.00
    452.90	 115799.00
    453.32	 116073.00
    453.74	 116400.00
    454.16	 116769.00
    454.59	 116990.00
    455.01	 117526.00
    455.43	 117908.00
    455.86	 118359.00
    456.28	 118403.00
    456.70	 118792.00
    457.12	 119464.00
    457.55	 119684.00
    457.97	 120060.00
    458.39	 120486.00
    458.81	 120625.00
    459.24	 121252.00
    459.66	 121529.00
    460.08	 121895.00
    460.51	 122406.00
    460.93	 122845.00
    461.35	 123017.00
    461.77	 123458.00
    462.20	 123565.00
    462.62	 124140.00
    463.04	 124726.00
    463.47	 124908.00
    463.89	 125554.00
    464.31	 126008.00
    464.73	 125968.00
    465.16	 126650.00
    465.58	 127126.00
    466.00	 127618.00
    466.42	 128132.00
    466.85	 128493.00
    467.27	 128928.00
    467.69	 129043.00
    468.12	 129851.00
    468.54	 130108.00
    468.96	 131020.00
    469.38	 131348.00
    469.81	 131372.00
    470.23	 132052.00
    470.65	 132530.00
    471.07	 132729.00
    471.50	 133243.00
    471.92	 133752.00
    472.34	 133665.00
    472.77	 133960.00
    473.19	 134571.00
    473.61	 135282.00
    474.03	 135758.00
    474.46	 136215.00
    474.88	 136799.00
    475.30	 137129.00
    475.73	 137557.00
    476.15	 137958.00
    476.57	 138553.00
    476.99	 138691.00
    477.42	 139554.00
    477.84	 140029.00
    478.26	 140170.00
    478.68	 141019.00
    479.11	 141144.00
    479.53	 141767.00
    479.95	 142303.00
    480.38	 142971.00
    480.80	 143559.00
    481.22	 143586.00
    481.64	 144216.00
    482.07	 144522.00
    482.49	 145164.00
    482.91	 145625.00
    483.34	 146039.00
    483.76	 146834.00
    484.18	 147471.00
    484.60	 147876.00
    485.03	 148229.00
    485.45	 149120.00
    485.87	 149404.00
    486.29	 149688.00
    486.72	 150114.00
    487.14	 150871.00
    487.56	 151320.00
    487.99	 152154.00
    488.41	 152452.00
    488.83	 152568.00
    489.25	 153395.00
    489.68	 153994.00
    490.10	 154404.00
    490.52	 154985.00
    490.94	 155324.00
    491.37	 155775.00
    491.79	 156767.00
    492.21	 156908.00
    492.64	 157466.00
    493.06	 157861.00
    493.48	 158511.00
    493.90	 159062.00
    494.33	 159073.00
    494.75	 160361.00
    495.17	 160353.00
    495.60	 160915.00
    496.02	 161490.00
    496.44	 162185.00
    496.86	 162477.00
    497.29	 163067.00
    497.71	 163774.00
    498.13	 164035.00
    498.55	 164737.00
    498.98	 165089.00
    499.40	 165514.00
    499.82	 166221.00
    500.25	 166567.00
    500.67	 167096.00
    501.09	 167975.00
    501.51	 168005.00
    501.94	 168737.00
    502.36	 169199.00
    502.78	 169691.00
    503.20	 170403.00
    503.63	 170720.00
    504.05	 171393.00
    504.47	 171790.00
    504.90	 172628.00
    505.32	 172417.00
    505.74	 173114.00
    506.16	 174282.00
    506.59	 174188.00
    507.01	 175010.00
    507.43	 174771.00
    507.86	 175776.00
    508.28	 176010.00
    508.70	 176903.00
    509.12	 177567.00
    509.55	 177612.00
    509.97	 178125.00
    510.39	 178362.00
    510.81	 179354.00
    511.24	 179752.00
    511.66	 179827.00
    512.08	 180835.00
    512.51	 181054.00
    512.93	 181525.00
    513.35	 182353.00
    513.77	 182377.00
    514.20	 183459.00
    514.62	 184059.00
    515.04	 184174.00
    515.46	 184939.00
    515.89	 185310.00
    516.31	 186304.00
    516.73	 186381.00
    517.16	 186980.00
    517.58	 187595.00
    518.00	 187963.00
    518.42	 188197.00
    518.85	 188857.00
    519.27	 189673.00
    519.69	 189921.00
    520.12	 190884.00
    520.54	 190863.00
    520.96	 191507.00
    521.38	 191935.00
    521.81	 192400.00
    522.23	 193201.00
    522.65	 193442.00
    523.07	 193781.00
    523.50	 194650.00
    523.92	 194550.00
    524.34	 195384.00
    524.77	 196021.00
    525.19	 196358.00
    525.61	 197118.00
    526.03	 197011.00
    526.46	 197716.00
    526.88	 197714.00
    527.30	 198173.00
    527.72	 198408.00
    528.15	 199401.00
    528.57	 199942.00
    528.99	 200333.00
    529.42	 200880.00
    529.84	 201457.00
    530.26	 201561.00
    530.68	 201488.00
    531.11	 202460.00
    531.53	 202881.00
    531.95	 203155.00
    532.38	 204406.00
    532.80	 204241.00
    533.22	 205087.00
    533.64	 205366.00
    534.07	 206343.00
    534.49	 206289.00
    534.91	 207198.00
    535.33	 208041.00
    535.76	 208246.00
    536.18	 208094.00
    536.60	 209151.00
    537.03	 210122.00
    537.45	 209895.00
    537.87	 210450.00
    538.29	 211163.00
    538.72	 211503.00
    539.14	 211748.00
    539.56	 212197.00
    539.99	 212597.00
    540.41	 212967.00
    540.83	 213097.00
    541.25	 213154.00
    541.68	 214192.00
    542.10	 214334.00
    542.52	 215055.00
    542.94	 215121.00
    543.37	 215744.00
    543.79	 215604.00
    544.21	 216491.00
    544.64	 216510.00
    545.06	 216694.00
    545.48	 217835.00
    545.90	 217598.00
    546.33	 218007.00
    546.75	 219032.00
    547.17	 219002.00
    547.59	 219647.00
    548.02	 219860.00
    548.44	 219830.00
    548.86	 220527.00
    549.29	 221030.00
    549.71	 221768.00
    550.13	 221612.00
    550.55	 222247.00
    550.98	 222773.00
    551.40	 222291.00
    551.82	 223434.00
    552.25	 223855.00
    552.67	 224026.00
    553.09	 224269.00
    553.51	 224431.00
    553.94	 225047.00
    554.36	 225570.00
    554.78	 225727.00
    555.20	 225752.00
    555.63	 226024.00
    556.05	 226703.00
    556.47	 226584.00
    556.90	 226806.00
    557.32	 227277.00
    557.74	 227314.00
    558.16	 227416.00
    558.59	 227875.00
    559.01	 228700.00
    559.43	 228968.00
    559.85	 229449.00
    560.28	 229237.00
    560.70	 229798.00
    561.12	 230303.00
    561.55	 230950.00
    561.97	 231139.00
    562.39	 231184.00
    562.81	 231411.00
    563.24	 232080.00
    563.66	 232335.00
    564.08	 232605.00
    564.51	 233282.00
    564.93	 233200.00
    565.35	 233564.00
    565.77	 233383.00
    566.20	 233789.00
    566.62	 234267.00
    567.04	 234685.00
    567.46	 235243.00
    567.89	 235076.00
    568.31	 235397.00
    568.73	 236070.00
    569.16	 236324.00
    569.58	 236303.00
    570.00	 236449.00
    570.42	 236760.00
    570.85	 237626.00
    571.27	 237219.00
    571.69	 238457.00
    572.11	 237757.00
    572.54	 238248.00
    572.96	 238782.00
    573.38	 239430.00
    573.81	 238829.00
    574.23	 238853.00
    574.65	 239666.00
    575.07	 239663.00
    575.50	 240184.00
    575.92	 240432.00
    576.34	 240234.00
    576.77	 240868.00
    577.19	 241168.00
    577.61	 241574.00
    578.03	 242178.00
    578.46	 241309.00
    578.88	 241945.00
    579.30	 242109.00
    579.72	 242558.00
    580.15	 242812.00
    580.57	 242741.00
    580.99	 242852.00
    581.42	 242720.00
    581.84	 243344.00
    582.26	 243390.00
    582.68	 243672.00
    583.11	 243994.00
    583.53	 244214.00
    583.95	 243963.00
    584.37	 245153.00
    584.80	 244992.00
    585.22	 245416.00
    585.64	 245372.00
    586.07	 245810.00
    586.49	 245866.00
    586.91	 246869.00
    587.33	 246754.00
    587.76	 247653.00
    588.18	 247060.00
    588.60	 247327.00
    589.03	 247773.00
    589.45	 247377.00
    589.87	 247656.00
    590.29	 248173.00
    590.72	 248745.00
    591.14	 248896.00
    591.56	 248902.00
    591.98	 249464.00
    592.41	 249796.00
    592.83	 249676.00
    593.25	 249739.00
    593.68	 250076.00
    594.10	 250447.00
    594.52	 250386.00
    594.94	 250906.00
    595.37	 251211.00
    595.79	 251425.00
    596.21	 251331.00
    596.64	 251845.00
    597.06	 251797.00
    597.48	 251827.00
    597.90	 252324.00
    598.33	 252895.00
    598.75	 252485.00
    599.17	 252767.00
    599.59	 253065.00
    600.02	 252930.00
    600.44	 253094.00
    600.86	 253291.00
    601.29	 253544.00
    601.71	 253739.00
    602.13	 253350.00
    602.55	 253696.00
    602.98	 254139.00
    603.40	 253949.00
    603.82	 254539.00
    604.24	 254646.00
    604.67	 254791.00
    605.09	 254960.00
    605.51	 255019.00
    605.94	 255014.00
    606.36	 255501.00
    606.78	 255239.00
    607.20	 255453.00
    607.63	 255244.00
    608.05	 255444.00
    608.47	 255570.00
    608.90	 256354.00
    609.32	 256345.00
    609.74	 255649.00
    610.16	 256092.00
    610.59	 256075.00
    611.01	 256521.00
    611.43	 256949.00
    611.85	 256878.00
    612.28	 257495.00
    612.70	 257875.00
    613.12	 257846.00
    613.55	 258228.00
    613.97	 257652.00
    614.39	 258325.00
    614.81	 258536.00
    615.24	 258630.00
    615.66	 257966.00
    616.08	 258431.00
    616.50	 258206.00
    616.93	 258228.00
    617.35	 258123.00
    617.77	 258670.00
    618.20	 258519.00
    618.62	 259009.00
    619.04	 257958.00
    619.46	 258193.00
    619.89	 258508.00
    620.31	 258260.00
    620.73	 258576.00
    621.16	 258380.00
    621.58	 258196.00
    622.00	 258282.00
    622.42	 258536.00
    622.85	 258483.00
    623.27	 258209.00
    623.69	 258773.00
    624.11	 258888.00
    624.54	 258218.00
    624.96	 258144.00
    625.38	 258310.00
    625.81	 258948.00
    626.23	 258735.00
    626.65	 258870.00
    627.07	 258985.00
    627.50	 259609.00
    627.92	 259224.00
    628.34	 258376.00
    628.76	 259087.00
    629.19	 258797.00
    629.61	 258788.00
    630.03	 258852.00
    630.46	 259090.00
    630.88	 259557.00
    631.30	 259407.00
    631.72	 259566.00
    632.15	 259840.00
    632.57	 260441.00
    632.99	 260223.00
    633.42	 259971.00
    633.84	 260547.00
    634.26	 259886.00
    634.68	 260689.00
    635.11	 260864.00
    635.53	 260465.00
    635.95	 259901.00
    636.37	 260646.00
    636.80	 260281.00
    637.22	 260488.00
    637.64	 260904.00
    638.07	 261020.00
    638.49	 260533.00
    638.91	 260574.00
    639.33	 260990.00
    639.76	 260591.00
    640.18	 260893.00
    640.60	 260949.00
    641.02	 260896.00
    641.45	 261179.00
    641.87	 260707.00
    642.29	 261238.00
    642.72	 260649.00
    643.14	 261246.00
    643.56	 261457.00
    643.98	 261040.00
    644.41	 260911.00
    644.83	 261623.00
    645.25	 261385.00
    645.68	 261202.00
    646.10	 261549.00
    646.52	 261912.00
    646.94	 261552.00
    647.37	 261272.00
    647.79	 261634.00
    648.21	 261566.00
    648.63	 261570.00
    649.06	 261883.00
    649.48	 261524.00
    649.90	 262881.00
    650.33	 261285.00
    650.75	 262337.00
    651.17	 261628.00
    651.59	 262277.00
    652.02	 262392.00
    652.44	 261755.00
    652.86	 262307.00
    653.29	 262167.00
    653.71	 261663.00
    654.13	 262260.00
    654.55	 262121.00
    654.98	 262059.00
    655.40	 261778.00
    655.82	 261621.00
    656.24	 262590.00
    656.67	 261391.00
    657.09	 261414.00
    657.51	 261249.00
    657.94	 262147.00
    658.36	 261214.00
    658.78	 261063.00
    659.20	 261577.00
    659.63	 261422.00
    660.05	 261716.00
    660.47	 261443.00
    660.89	 260710.00
    661.32	 261218.00
    661.74	 261602.00
    662.16	 261678.00
    662.59	 261405.00
    663.01	 261622.00
    663.43	 261165.00
    663.85	 261952.00
    664.28	 261386.00
    664.70	 261490.00
    665.12	 261695.00
    665.55	 261621.00
    665.97	 261292.00
    666.39	 261476.00
    666.81	 261766.00
    667.24	 261574.00
    667.66	 261711.00
    668.08	 261428.00
    668.50	 262032.00
    668.93	 261892.00
    669.35	 261849.00
    669.77	 261469.00
    670.20	 261994.00
    670.62	 261875.00
    671.04	 261741.00
    671.46	 262140.00
    671.89	 262735.00
    672.31	 262421.00
    672.73	 262189.00
    673.15	 262495.00
    673.58	 262547.00
    674.00	 262219.00
    674.42	 262693.00
    674.85	 262376.00
    675.27	 262409.00
    675.69	 262198.00
    676.11	 261777.00
    676.54	 261798.00
    676.96	 261496.00
    677.38	 261199.00
    677.81	 261336.00
    678.23	 261477.00
    678.65	 260948.00
    679.07	 261845.00
    679.50	 261095.00
    679.92	 261094.00
    680.34	 261298.00
    680.76	 260152.00
    681.19	 260132.00
    681.61	 260328.00
    682.03	 260151.00
    682.46	 259609.00
    682.88	 259723.00
    683.30	 258807.00
    683.72	 259197.00
    684.15	 258900.00
    684.57	 258902.00
    684.99	 258288.00
    685.41	 258449.00
    685.84	 258781.00
    686.26	 259121.00
    686.68	 259331.00
    687.11	 258891.00
    687.53	 259090.00
    687.95	 258651.00
    688.37	 258588.00
    688.80	 258199.00
    689.22	 258975.00
    689.64	 258956.00
    690.07	 258868.00
    690.49	 259075.00
    690.91	 258984.00
    691.33	 258663.00
    691.76	 258941.00
    692.18	 258347.00
    692.60	 258928.00
    693.02	 258527.00
    693.45	 258479.00
    693.87	 258275.00
    694.29	 258097.00
    694.72	 257670.00
    695.14	 257524.00
    695.56	 257560.00
    695.98	 257927.00
    696.41	 257324.00
    696.83	 257529.00
    697.25	 257553.00
    697.67	 256623.00
    698.10	 257342.00
    698.52	 256915.00
    698.94	 256467.00
    699.37	 256277.00
    699.79	 256426.00
    700.21	 256590.00
    700.63	 256681.00
    701.06	 255958.00
    701.48	 255777.00
    701.90	 255803.00
    702.33	 256236.00
    702.75	 255660.00
    703.17	 255848.00
    703.59	 256053.00
    704.02	 255631.00
    704.44	 255870.00
    704.86	 255606.00
    705.28	 254818.00
    705.71	 255488.00
    706.13	 255269.00
    706.55	 255034.00
    706.98	 255017.00
    707.40	 254328.00
    707.82	 254325.00
    708.24	 254509.00
    708.67	 253930.00
    709.09	 254019.00
    709.51	 253427.00
    709.94	 253793.00
    710.36	 252874.00
    710.78	 253401.00
    711.20	 252770.00
    711.63	 252757.00
    712.05	 252570.00
    712.47	 252180.00
    712.89	 252412.00
    713.32	 252267.00
    713.74	 251901.00
    714.16	 251971.00
    714.59	 251981.00
    715.01	 251532.00
    715.43	 251160.00
    715.85	 251524.00
    716.28	 251031.00
    716.70	 251510.00
    717.12	 250847.00
    717.54	 250545.00
    717.97	 250624.00
    718.39	 250600.00
    718.81	 250612.00
    719.24	 249902.00
    719.66	 249889.00
    720.08	 250198.00
    720.50	 249800.00
    720.93	 249401.00
    721.35	 249056.00
    721.77	 248842.00
    722.20	 249062.00
    722.62	 248688.00
    723.04	 248237.00
    723.46	 247549.00
    723.89	 247557.00
    724.31	 247183.00
    724.73	 247436.00
    725.15	 247748.00
    725.58	 247425.00
    726.00	 247331.00
    726.42	 246477.00
    726.85	 246421.00
    727.27	 245818.00
    727.69	 245689.00
    728.11	 245488.00
    728.54	 245350.00
    728.96	 245358.00
    729.38	 244801.00
    729.80	 245025.00
    730.23	 244412.00
    730.65	 244116.00
    731.07	 244109.00
    731.50	 244019.00
    731.92	 243426.00
    732.34	 243253.00
    732.76	 243200.00
    733.19	 242941.00
    733.61	 243008.00
    734.03	 242366.00
    734.46	 241893.00
    734.88	 241842.00
    735.30	 241763.00
    735.72	 241079.00
    736.15	 241306.00
    736.57	 240747.00
    736.99	 240228.00
    737.41	 240533.00
    737.84	 240388.00
    738.26	 239741.00
    738.68	 239803.00
    739.11	 239401.00
    739.53	 239238.00
    739.95	 238729.00
    740.37	 238125.00
    740.80	 238154.00
    741.22	 237503.00
    741.64	 237627.00
    742.06	 237407.00
    742.49	 237228.00
    742.91	 236750.00
    743.33	 236730.00
    743.76	 235910.00
    744.18	 235320.00
    744.60	 235299.00
    745.02	 235201.00
    745.45	 235206.00
    745.87	 234432.00
    746.29	 234042.00
    746.72	 233822.00
    747.14	 233423.00
    747.56	 233296.00
    747.98	 233077.00
    748.41	 232971.00
    748.83	 232481.00
    749.25	 232526.00
    749.67	 231493.00
    750.10	 231977.00
    750.52	 231483.00
    750.94	 231164.00
    751.37	 230524.00
    751.79	 229984.00
    752.21	 229592.00
    752.63	 229311.00
    753.06	 228909.00
    753.48	 229998.00
    753.90	 229053.00
    754.32	 228727.00
    754.75	 227967.00
    755.17	 227405.00
    755.59	 227290.00
    756.02	 227490.00
    756.44	 227466.00
    756.86	 226719.00
    757.28	 226649.00
    757.71	 225797.00
    758.13	 226135.00
    758.55	 225816.00
    758.98	 225174.00
    759.40	 224890.00
    759.82	 224615.00
    760.24	 224047.00
    760.67	 224273.00
    761.09	 223570.00
    761.51	 223480.00
    761.93	 222944.00
    762.36	 222992.00
    762.78	 222463.00
    763.20	 221954.00
    763.63	 221278.00
    764.05	 221159.00
    764.47	 220046.00
    764.89	 220095.00
    765.32	 220134.00
    765.74	 219679.00
    766.16	 218571.00
    766.59	 219374.00
    767.01	 218535.00
    767.43	 218192.00
    767.85	 217573.00
    768.28	 217453.00
    768.70	 217024.00
    769.12	 216124.00
    769.54	 216258.00
    769.97	 215806.00
    770.39	 216081.00
    770.81	 215274.00
    771.24	 214695.00
    771.66	 214496.00
    772.08	 213787.00
    772.50	 213705.00
    772.93	 213418.00
    773.35	 212414.00
    773.77	 212328.00
    774.19	 212318.00
    774.62	 211802.00
    775.04	 211897.00
    775.46	 211743.00
    775.89	 210726.00
    776.31	 210356.00
    776.73	 210421.00
    777.15	 209910.00
    777.58	 209099.00
    778.00	 209416.00
    778.42	 208791.00
    778.85	 208323.00
    779.27	 208135.00
    779.69	 207479.00
    780.11	 207405.00
    780.54	 206860.00
    780.96	 206616.00
    781.38	 206349.00
    781.80	 205144.00
    782.23	 204679.00
    782.65	 203850.00
    783.07	 203947.00
    783.50	 204080.00
    783.92	 203395.00
    784.34	 202896.00
    784.76	 203033.00
    785.19	 202687.00
    785.61	 201822.00
    786.03	 201713.00
    786.45	 200645.00
    786.88	 200591.00
    787.30	 199738.00
    787.72	 199046.00
    788.15	 199291.00
    788.57	 198783.00
    788.99	 198639.00
    789.41	 198485.00
    789.84	 197210.00
    790.26	 197601.00
    790.68	 197120.00
    791.11	 196947.00
    791.53	 196382.00
    791.95	 195719.00
    792.37	 195869.00
    792.80	 195806.00
    793.22	 195239.00
    793.64	 195013.00
    794.06	 194554.00
    794.49	 194153.00
    794.91	 193910.00
    795.33	 193879.00
    795.76	 193373.00
    796.18	 193104.00
    796.60	 192018.00
    797.02	 191662.00
    797.45	 191267.00
    797.87	 191116.00
    798.29	 191130.00
    798.71	 190361.00
    799.14	 191016.00
    799.56	 190039.00
    799.98	 189524.00
    800.41	 189489.00
    800.83	 189189.00
    801.25	 188582.00
    801.67	 188420.00
    802.10	 188311.00
    802.52	 187293.00
    802.94	 187177.00
    803.37	 186706.00
    803.79	 186308.00
    804.21	 186333.00
    804.63	 185834.00
    805.06	 185776.00
    805.48	 185813.00
    805.90	 185106.00
    806.32	 185016.00
    806.75	 184653.00
    807.17	 184426.00
    807.59	 184371.00
    808.02	 183676.00
    808.44	 183683.00
    808.86	 182782.00
    809.28	 182313.00
    809.71	 182440.00
    810.13	 181704.00
    810.55	 181776.00
    810.97	 181410.00
    811.40	 181015.00
    811.82	 180911.00
    812.24	 180983.00
    812.67	 180676.00
    813.09	 180447.00
    813.51	 180567.00
    813.93	 179944.00
    814.36	 179530.00
    814.78	 179316.00
    815.20	 179271.00
    815.63	 178297.00
    816.05	 178063.00
    816.47	 178051.00
    816.89	 177676.00
    817.32	 177472.00
    817.74	 177050.00
    818.16	 177654.00
    818.58	 177340.00
    819.01	 176970.00
    819.43	 176705.00
    819.85	 176439.00
    820.28	 175865.00
    820.70	 175783.00
    821.12	 175374.00
    821.54	 175230.00
    821.97	 174756.00
    822.39	 174292.00
    822.81	 174594.00
    823.24	 174454.00
    823.66	 174494.00
    824.08	 173920.00
    824.50	 173809.00
    824.93	 173024.00
    825.35	 172543.00
    825.77	 172269.00
    826.19	 171630.00
    826.62	 171717.00
    827.04	 171317.00
    827.46	 171627.00
    827.89	 172080.00
    828.31	 171664.00
    828.73	 171411.00
    829.15	 171287.00
    829.58	 170533.00
    830.00	 170146.00
    830.42	 169562.00
    830.84	 169459.00
    831.27	 169245.00
    831.69	 169382.00
    832.11	 168937.00
    832.54	 169467.00
    832.96	 168680.00
    833.38	 168829.00
    833.80	 168441.00
    834.23	 168110.00
    834.65	 167517.00
    835.07	 167610.00
    835.50	 167270.00
    835.92	 167598.00
    836.34	 167417.00
    836.76	 167849.00
    837.19	 167355.00
    837.61	 166990.00
    838.03	 166859.00
    838.45	 166243.00
    838.88	 165593.00
    839.30	 166013.00
    839.72	 165823.00
    840.15	 165562.00
    840.57	 165551.00
    840.99	 165891.00
    841.41	 165363.00
    841.84	 165194.00
    842.26	 165089.00
    842.68	 164958.00
    843.10	 164374.00
    843.53	 163703.00
    843.95	 163533.00
    844.37	 163518.00
    844.80	 163536.00
    845.22	 163567.00
    845.64	 163128.00
    846.06	 163614.00
    846.49	 163707.00
    846.91	 163206.00
    847.33	 162964.00
    847.76	 162857.00
    848.18	 162685.00
    848.60	 162398.00
    849.02	 162558.00
    849.45	 161652.00
    849.87	 161888.00
    850.29	 161571.00
    850.71	 161253.00
    851.14	 161395.00
    851.56	 161320.00
    851.98	 161220.00
    852.41	 160524.00
    852.83	 160948.00
    853.25	 160750.00
    853.67	 160583.00
    854.10	 160719.00
    854.52	 160347.00
    854.94	 160017.00
    855.36	 159695.00
    855.79	 159559.00
    856.21	 159361.00
    856.63	 159356.00
    857.06	 159174.00
    857.48	 159272.00
    857.90	 158911.00
    858.32	 158680.00
    858.75	 158649.00
    859.17	 158740.00
    859.59	 158341.00
    860.02	 158107.00
    860.44	 158077.00
    860.86	 158155.00
    861.28	 158051.00
    861.71	 158151.00
    862.13	 157581.00
    862.55	 157251.00
    862.97	 157139.00
    863.40	 157193.00
    863.82	 157191.00
    864.24	 156826.00
    864.67	 156911.00
    865.09	 156218.00
    865.51	 156698.00
    865.93	 156293.00
    866.36	 156078.00
    866.78	 155779.00
    867.20	 155721.00
    867.62	 155313.00
    868.05	 155113.00
    868.47	 154914.00
    868.89	 155157.00
    869.32	 154825.00
    869.74	 155040.00
    870.16	 154861.00
    870.58	 154690.00
    871.01	 154991.00
    871.43	 154586.00
    871.85	 154341.00
    872.28	 154021.00
    872.70	 154076.00
    873.12	 153803.00
    873.54	 152987.00
    873.97	 153156.00
    874.39	 152789.00
    874.81	 152924.00
    875.23	 152752.00
    875.66	 152383.00
    876.08	 152221.00
    876.50	 152144.00
    876.93	 151689.00
    877.35	 151443.00
    877.77	 151817.00
    878.19	 151450.00
    878.62	 151550.00
    879.04	 151106.00
    879.46	 151611.00
    879.89	 151018.00
    880.31	 150932.00
    880.73	 150446.00
    881.15	 150210.00
    881.58	 150209.00
    882.00	 149874.00
    882.42	 149179.00
    882.84	 149517.00
    883.27	 149084.00
    883.69	 149564.00
    884.11	 149214.00
    884.54	 149395.00
    884.96	 149340.00
    885.38	 149156.00
    885.80	 148928.00
    886.23	 149151.00
    886.65	 148974.00
    887.07	 148228.00
    887.49	 148183.00
    887.92	 147156.00
    888.34	 147026.00
    888.76	 146583.00
    889.19	 146494.00
    889.61	 146224.00
    890.03	 146136.00
    890.45	 145999.00
    890.88	 146140.00
    891.30	 146400.00
    891.72	 146737.00
    892.15	 146623.00
    892.57	 145908.00
    892.99	 145836.00
    893.41	 145541.00
    893.84	 145346.00
    894.26	 144492.00
    894.68	 144260.00
    895.10	 143829.00
    895.53	 143347.00
    895.95	 143243.00
    896.37	 143246.00
    896.80	 143452.00
    897.22	 143448.00
    897.64	 144007.00
    898.06	 143838.00
    898.49	 144096.00
    898.91	 143325.00
    899.33	 143114.00
    899.75	 142517.00
    900.18	 142134.00
    900.60	 141786.00
    901.02	 141603.00
    901.45	 141109.00
    901.87	 141003.00
    902.29	 141081.00
    902.71	 141175.00
    903.14	 140907.00
    903.56	 140528.00
    903.98	 140240.00
    904.41	 140605.00
    904.83	 140196.00
    905.25	 140343.00
    905.67	 140000.00
    906.10	 139751.00
    906.52	 139489.00
    906.94	 139401.00
    907.36	 138856.00
    907.79	 139231.00
    908.21	 138687.00
    908.63	 138892.00
    909.06	 138653.00
    909.48	 138210.00
    909.90	 138197.00
    910.32	 138268.00
    910.75	 137724.00
    911.17	 137394.00
    911.59	 136928.00
    912.01	 136810.00
    912.44	 136570.00
    912.86	 135856.00
    913.28	 135728.00
    913.71	 135344.00
    914.13	 135505.00
    914.55	 135568.00
    914.97	 135252.00
    915.40	 135120.00
    915.82	 135031.00
    916.24	 134831.00
    916.67	 134929.00
    917.09	 134449.00
    917.51	 134349.00
    917.93	 133801.00
    918.36	 133361.00
    918.78	 133007.00
    919.20	 132932.00
    919.62	 132670.00
    920.05	 132670.00
    920.47	 131738.00
    920.89	 131922.00
    921.32	 131744.00
    921.74	 131861.00
    922.16	 131767.00
    922.58	 131240.00
    923.01	 130999.00
    923.43	 131061.00
    923.85	 130866.00
    924.27	 130684.00
    924.70	 130475.00
    925.12	 130234.00
    925.54	 129934.00
    925.97	 129637.00
    926.39	 129354.00
    926.81	 128828.00
    927.23	 128492.00
    927.66	 128173.00
    928.08	 127943.00
    928.50	 127713.00
    928.93	 127572.00
    929.35	 127519.00
    929.77	 127612.00
    930.19	 127524.00
    930.62	 127507.00
    931.04	 127300.00
    931.46	 127018.00
    931.88	 126491.00
    932.31	 126123.00
    932.73	 125939.00
    933.15	 125682.00
    933.58	 125278.00
    934.00	 124913.00
    934.42	 124581.00
    934.84	 124733.00
    935.27	 124492.00
    935.69	 124522.00
    936.11	 124011.00
    936.54	 124112.00
    936.96	 123766.00
    937.38	 123363.00
    937.80	 123180.00
    938.23	 122855.00
    938.65	 122299.00
    939.07	 122151.00
    939.49	 121872.00
    939.92	 121849.00
    940.34	 121690.00
    940.76	 121682.00
    941.19	 121665.00
    941.61	 121701.00
    942.03	 121530.00
    942.45	 121536.00
    942.88	 121298.00
    943.30	 120877.00
    943.72	 120635.00
    944.14	 120520.00
    944.57	 120122.00
    944.99	 119819.00
    945.41	 119258.00
    945.84	 119263.00
    946.26	 119022.00
    946.68	 118624.00
    947.10	 118764.00
    947.53	 118493.00
    947.95	 118332.00
    948.37	 118067.00
    948.80	 118075.00
    949.22	 117781.00
    949.64	 117616.00
    950.06	 117609.00
    950.49	 117490.00
    950.91	 117320.00
    951.33	 117526.00
    951.75	 117084.00
    952.18	 117179.00
    952.60	 116851.00
    953.02	 116541.00
    953.45	 116512.00
    953.87	 116071.00
    954.29	 115667.00
    954.71	 115635.00
    955.14	 115299.00
    955.56	 115205.00
    955.98	 115125.00
    956.40	 114854.00
    956.83	 114829.00
    957.25	 114631.00
    957.67	 114615.00
    958.10	 114243.00
    958.52	 114017.00
    958.94	 113494.00
    959.36	 113410.00
    959.79	 113240.00
    960.21	 112933.00
    960.63	 112864.00
    961.06	 112697.00
    961.48	 112737.00
    961.90	 112255.00
    962.32	 112006.00
    962.75	 111992.00
    963.17	 111781.00
    963.59	 111241.00
    964.01	 111002.00
    964.44	 111178.00
    964.86	 110977.00
    965.28	 110885.00
    965.71	 110654.00
    966.13	 110625.00
    966.55	 110673.00
    966.97	 110384.00
    967.40	 110344.00
    967.82	 110112.00
    968.24	 109842.00
    968.66	 109814.00
    969.09	 109383.00
    969.51	 109141.00
    969.93	 108851.00
    970.36	 108882.00
    970.78	 108525.00
    971.20	 108383.00
    971.62	 108178.00
    972.05	 107952.00
    972.47	 107808.00
    972.89	 107810.00
    973.32	 107701.00
    973.74	 107699.00
    974.16	 107502.00
    974.58	 107211.00
    975.01	 106867.00
    975.43	 106599.00
    975.85	 106265.00
    976.27	 106226.00
    976.70	 106110.00
    977.12	 105961.00
    977.54	 105683.00
    977.97	 105516.00
    978.39	 105651.00
    978.81	 105433.00
    979.23	 105256.00
    979.66	 104974.00
    980.08	 104922.00
    980.50	 104652.00
    980.92	 104559.00
    981.35	 104487.00
    981.77	 104073.00
    982.19	 103839.00
    982.62	 103656.00
    983.04	 103413.00
