    466.96	 207639.00
    467.38	 185422.00
    467.81	 187029.00
    468.23	 188064.00
    468.65	 189294.00
    469.08	 189980.00
    469.50	 190600.00
    469.92	 191569.00
    470.34	 191870.00
    470.77	 192972.00
    471.19	 193752.00
    471.61	 194146.00
    472.03	 195067.00
    472.46	 195603.00
    472.88	 196247.00
    473.30	 196934.00
    473.73	 197768.00
    474.15	 197976.00
    474.57	 198725.00
    474.99	 199644.00
    475.42	 199530.00
    475.84	 200678.00
    476.26	 200783.00
    476.69	 201319.00
    477.11	 202195.00
    477.53	 202519.00
    477.95	 203173.00
    478.38	 203759.00
    478.80	 204115.00
    479.22	 204516.00
    479.64	 205359.00
    480.07	 205807.00
    480.49	 206478.00
    480.91	 207207.00
    481.34	 207597.00
    481.76	 207733.00
    482.18	 208879.00
    482.60	 209819.00
    483.03	 209922.00
    483.45	 210666.00
    483.87	 211510.00
    484.29	 212019.00
    484.72	 212670.00
    485.14	 213477.00
    485.56	 214068.00
    485.99	 215158.00
    486.41	 215730.00
    486.83	 216341.00
    487.25	 216815.00
    487.68	 217778.00
    488.10	 217883.00
    488.52	 219216.00
    488.95	 219373.00
    489.37	 219889.00
    489.79	 220902.00
    490.21	 221202.00
    490.64	 221831.00
    491.06	 222299.00
    491.48	 223378.00
    491.90	 223930.00
    492.33	 224311.00
    492.75	 224696.00
    493.17	 225082.00
    493.60	 226000.00
    494.02	 226335.00
    494.44	 227029.00
    494.86	 227814.00
    495.29	 228454.00
    495.71	 229077.00
    496.13	 229589.00
    496.55	 229639.00
    496.98	 231068.00
    497.40	 231612.00
    497.82	 232479.00
    498.25	 233034.00
    498.67	 234172.00
    499.09	 234544.00
    499.51	 235453.00
    499.94	 236059.00
    500.36	 236337.00
    500.78	 237386.00
    501.21	 237830.00
    501.63	 238394.00
    502.05	 239149.00
    502.47	 240079.00
    502.90	 240461.00
    503.32	 241188.00
    503.74	 241865.00
    504.16	 241608.00
    504.59	 242722.00
    505.01	 243786.00
    505.43	 244086.00
    505.86	 244380.00
    506.28	 245073.00
    506.70	 245444.00
    507.12	 246157.00
    507.55	 246877.00
    507.97	 247030.00
    508.39	 247573.00
    508.81	 248060.00
    509.24	 248862.00
    509.66	 249421.00
    510.08	 249832.00
    510.51	 250691.00
    510.93	 251379.00
    511.35	 252284.00
    511.77	 252699.00
    512.20	 253220.00
    512.62	 253509.00
    513.04	 254219.00
    513.47	 255016.00
    513.89	 255578.00
    514.31	 256690.00
    514.73	 257104.00
    515.16	 257534.00
    515.58	 258410.00
    516.00	 259204.00
    516.42	 259468.00
    516.85	 260911.00
    517.27	 261189.00
    517.69	 261816.00
    518.12	 262033.00
    518.54	 262633.00
    518.96	 263811.00
    519.38	 264532.00
    519.81	 264561.00
    520.23	 265271.00
    520.65	 266223.00
    521.07	 266963.00
    521.50	 267623.00
    521.92	 267181.00
    522.34	 267565.00
    522.77	 268193.00
    523.19	 268397.00
    523.61	 270128.00
    524.03	 270928.00
    524.46	 271213.00
    524.88	 271838.00
    525.30	 271624.00
    525.73	 272157.00
    526.15	 272537.00
    526.57	 272701.00
    526.99	 273962.00
    527.42	 274581.00
    527.84	 275103.00
    528.26	 275900.00
    528.68	 275541.00
    529.11	 276358.00
    529.53	 277781.00
    529.95	 277659.00
    530.38	 278789.00
    530.80	 278964.00
    531.22	 279349.00
    531.64	 280464.00
    532.07	 280870.00
    532.49	 281640.00
    532.91	 282304.00
    533.34	 282647.00
    533.76	 283381.00
    534.18	 283764.00
    534.60	 284403.00
    535.03	 285745.00
    535.45	 285678.00
    535.87	 286669.00
    536.29	 286951.00
    536.72	 287434.00
    537.14	 288211.00
    537.56	 288696.00
    537.99	 289370.00
    538.41	 289919.00
    538.83	 290788.00
    539.25	 290934.00
    539.68	 291687.00
    540.10	 292204.00
    540.52	 292767.00
    540.94	 293498.00
    541.37	 293701.00
    541.79	 294287.00
    542.21	 294914.00
    542.64	 295164.00
    543.06	 295967.00
    543.48	 296459.00
    543.90	 296378.00
    544.33	 297270.00
    544.75	 298035.00
    545.17	 297719.00
    545.60	 298876.00
    546.02	 298576.00
    546.44	 299190.00
    546.86	 300623.00
    547.29	 300339.00
    547.71	 300972.00
    548.13	 301367.00
    548.55	 302054.00
    548.98	 302604.00
    549.40	 302581.00
    549.82	 302970.00
    550.25	 303602.00
    550.67	 303295.00
    551.09	 303976.00
    551.51	 304613.00
    551.94	 304857.00
    552.36	 305902.00
    552.78	 305756.00
    553.20	 306454.00
    553.63	 306181.00
    554.05	 306851.00
    554.47	 307439.00
    554.90	 307721.00
    555.32	 308307.00
    555.74	 308231.00
    556.16	 308664.00
    556.59	 309227.00
    557.01	 309361.00
    557.43	 309167.00
    557.86	 309831.00
    558.28	 310280.00
    558.70	 310653.00
    559.12	 310307.00
    559.55	 310149.00
    559.97	 311082.00
    560.39	 312216.00
    560.81	 312922.00
    561.24	 313239.00
    561.66	 313687.00
    562.08	 313744.00
    562.51	 314475.00
    562.93	 314548.00
    563.35	 314983.00
    563.77	 315531.00
    564.20	 314738.00
    564.62	 315891.00
    565.04	 316625.00
    565.46	 316114.00
    565.89	 317158.00
    566.31	 317282.00
    566.73	 317970.00
    567.16	 318536.00
    567.58	 318587.00
    568.00	 319562.00
    568.42	 319428.00
    568.85	 320184.00
    569.27	 320723.00
    569.69	 320325.00
    570.12	 320085.00
    570.54	 321359.00
    570.96	 322145.00
    571.38	 322089.00
    571.81	 322424.00
    572.23	 322331.00
    572.65	 323098.00
    573.07	 323885.00
    573.50	 323852.00
    573.92	 324164.00
    574.34	 324443.00
    574.77	 324620.00
    575.19	 324619.00
    575.61	 324567.00
    576.03	 325013.00
    576.46	 325874.00
    576.88	 325578.00
    577.30	 326355.00
    577.72	 326624.00
    578.15	 326849.00
    578.57	 327499.00
    578.99	 327338.00
    579.42	 327511.00
    579.84	 327688.00
    580.26	 328382.00
    580.68	 328680.00
    581.11	 328960.00
    581.53	 329509.00
    581.95	 330001.00
    582.38	 330320.00
    582.80	 330623.00
    583.22	 330998.00
    583.64	 331175.00
    584.07	 331520.00
    584.49	 331680.00
    584.91	 332008.00
    585.33	 332298.00
    585.76	 332735.00
    586.18	 333106.00
    586.60	 333538.00
    587.03	 333967.00
    587.45	 333639.00
    587.87	 334343.00
    588.29	 334135.00
    588.72	 335155.00
    589.14	 334465.00
    589.56	 335621.00
    589.99	 334590.00
    590.41	 335367.00
    590.83	 335788.00
    591.25	 335729.00
    591.68	 335637.00
    592.10	 335355.00
    592.52	 336485.00
    592.94	 335565.00
    593.37	 335897.00
    593.79	 336903.00
    594.21	 336458.00
    594.64	 336833.00
    595.06	 337079.00
    595.48	 337851.00
    595.90	 337457.00
    596.33	 338653.00
    596.75	 338149.00
    597.17	 338718.00
    597.59	 338488.00
    598.02	 338582.00
    598.44	 339333.00
    598.86	 339521.00
    599.29	 339490.00
    599.71	 339756.00
    600.13	 339711.00
    600.55	 340248.00
    600.98	 340690.00
    601.40	 341119.00
    601.82	 341452.00
    602.25	 341316.00
    602.67	 342437.00
    603.09	 341857.00
    603.51	 342259.00
    603.94	 342301.00
    604.36	 342652.00
    604.78	 342872.00
    605.20	 342749.00
    605.63	 343034.00
    606.05	 342826.00
    606.47	 343541.00
    606.90	 344158.00
    607.32	 343997.00
    607.74	 344554.00
    608.16	 345059.00
    608.59	 344644.00
    609.01	 344860.00
    609.43	 345373.00
    609.85	 345450.00
    610.28	 344646.00
    610.70	 345586.00
    611.12	 345482.00
    611.55	 346010.00
    611.97	 345691.00
    612.39	 347294.00
    612.81	 346557.00
    613.24	 346679.00
    613.66	 346684.00
    614.08	 346698.00
    614.51	 347261.00
    614.93	 347592.00
    615.35	 347252.00
    615.77	 347131.00
    616.20	 347448.00
    616.62	 348177.00
    617.04	 347843.00
    617.46	 347731.00
    617.89	 347698.00
    618.31	 348020.00
    618.73	 348511.00
    619.16	 347997.00
    619.58	 348788.00
    620.00	 348527.00
    620.42	 348126.00
    620.85	 348489.00
    621.27	 348654.00
    621.69	 348278.00
    622.11	 348281.00
    622.54	 348336.00
    622.96	 349287.00
    623.38	 349048.00
    623.81	 348694.00
    624.23	 349725.00
    624.65	 349438.00
    625.07	 348531.00
    625.50	 349152.00
    625.92	 349424.00
    626.34	 349022.00
    626.77	 349548.00
    627.19	 349248.00
    627.61	 349841.00
    628.03	 349730.00
    628.46	 349904.00
    628.88	 349965.00
    629.30	 349170.00
    629.72	 350038.00
    630.15	 349948.00
    630.57	 349317.00
    630.99	 349455.00
    631.42	 350221.00
    631.84	 349821.00
    632.26	 350201.00
    632.68	 350215.00
    633.11	 349835.00
    633.53	 349765.00
    633.95	 349380.00
    634.37	 350209.00
    634.80	 351492.00
    635.22	 349979.00
    635.64	 350086.00
    636.07	 350795.00
    636.49	 351129.00
    636.91	 351299.00
    637.33	 351087.00
    637.76	 351097.00
    638.18	 351371.00
    638.60	 351263.00
    639.03	 351583.00
    639.45	 352154.00
    639.87	 351371.00
    640.29	 351341.00
    640.72	 351378.00
    641.14	 351270.00
    641.56	 352391.00
    641.98	 351719.00
    642.41	 352418.00
    642.83	 352740.00
    643.25	 352163.00
    643.68	 351635.00
    644.10	 352619.00
    644.52	 352300.00
    644.94	 352780.00
    645.37	 353033.00
    645.79	 353032.00
    646.21	 353229.00
    646.64	 353344.00
    647.06	 353117.00
    647.48	 352622.00
    647.90	 353106.00
    648.33	 352987.00
    648.75	 353125.00
    649.17	 352354.00
    649.59	 353323.00
    650.02	 353673.00
    650.44	 353422.00
    650.86	 352749.00
    651.29	 352868.00
    651.71	 352598.00
    652.13	 353027.00
    652.55	 352813.00
    652.98	 352768.00
    653.40	 352534.00
    653.82	 352269.00
    654.24	 352046.00
    654.67	 351745.00
    655.09	 352887.00
    655.51	 352360.00
    655.94	 352181.00
    656.36	 352233.00
    656.78	 352077.00
    657.20	 352009.00
    657.63	 351777.00
    658.05	 352497.00
    658.47	 353129.00
    658.90	 352599.00
    659.32	 351906.00
    659.74	 352530.00
    660.16	 352104.00
    660.59	 352774.00
    661.01	 352726.00
    661.43	 353040.00
    661.85	 353431.00
    662.28	 353459.00
    662.70	 353335.00
    663.12	 353659.00
    663.55	 354147.00
    663.97	 353586.00
    664.39	 353899.00
    664.81	 354222.00
    665.24	 354069.00
    665.66	 353596.00
    666.08	 353707.00
    666.50	 353607.00
    666.93	 353438.00
    667.35	 352812.00
    667.77	 353649.00
    668.20	 353217.00
    668.62	 353927.00
    669.04	 353225.00
    669.46	 353693.00
    669.89	 352823.00
    670.31	 354108.00
    670.73	 352875.00
    671.16	 352898.00
    671.58	 352990.00
    672.00	 353151.00
    672.42	 352363.00
    672.85	 352698.00
    673.27	 352382.00
    673.69	 352608.00
    674.11	 353004.00
    674.54	 352383.00
    674.96	 352359.00
    675.38	 352515.00
    675.81	 352593.00
    676.23	 352604.00
    676.65	 352671.00
    677.07	 352262.00
    677.50	 352349.00
    677.92	 352052.00
    678.34	 352345.00
    678.76	 352235.00
    679.19	 351558.00
    679.61	 352214.00
    680.03	 351977.00
    680.46	 352273.00
    680.88	 352283.00
    681.30	 352287.00
    681.72	 352273.00
    682.15	 352365.00
    682.57	 352087.00
    682.99	 351941.00
    683.42	 352359.00
    683.84	 351544.00
    684.26	 351836.00
    684.68	 351885.00
    685.11	 352037.00
    685.53	 351906.00
    685.95	 350833.00
    686.37	 350925.00
    686.80	 351198.00
    687.22	 350799.00
    687.64	 351305.00
    688.07	 351113.00
    688.49	 350523.00
    688.91	 350614.00
    689.33	 350207.00
    689.76	 350220.00
    690.18	 350432.00
    690.60	 350228.00
    691.02	 349542.00
    691.45	 350148.00
    691.87	 349697.00
    692.29	 349123.00
    692.72	 348847.00
    693.14	 349331.00
    693.56	 348911.00
    693.98	 348956.00
    694.41	 348491.00
    694.83	 348265.00
    695.25	 347986.00
    695.68	 348314.00
    696.10	 347821.00
    696.52	 348570.00
    696.94	 348500.00
    697.37	 348549.00
    697.79	 347828.00
    698.21	 347655.00
    698.63	 347530.00
    699.06	 347322.00
    699.48	 347558.00
    699.90	 348139.00
    700.33	 347295.00
    700.75	 347603.00
    701.17	 347367.00
    701.59	 346871.00
    702.02	 347492.00
    702.44	 346664.00
    702.86	 346595.00
    703.29	 346104.00
    703.71	 346436.00
    704.13	 345916.00
    704.55	 346077.00
    704.98	 345931.00
    705.40	 345309.00
    705.82	 344794.00
    706.24	 344248.00
    706.67	 344362.00
    707.09	 344943.00
    707.51	 344412.00
    707.94	 344701.00
    708.36	 343673.00
    708.78	 343913.00
    709.20	 343189.00
    709.63	 343544.00
    710.05	 342707.00
    710.47	 342696.00
    710.89	 342106.00
    711.32	 342029.00
    711.74	 342516.00
    712.16	 341558.00
    712.59	 341812.00
    713.01	 341678.00
    713.43	 341282.00
    713.85	 341360.00
    714.28	 341223.00
    714.70	 340439.00
    715.12	 340561.00
    715.55	 340739.00
    715.97	 340360.00
    716.39	 340084.00
    716.81	 339736.00
    717.24	 339638.00
    717.66	 339894.00
    718.08	 339147.00
    718.50	 339958.00
    718.93	 339424.00
    719.35	 339745.00
    719.77	 338800.00
    720.20	 338739.00
    720.62	 338637.00
    721.04	 338381.00
    721.46	 338428.00
    721.89	 338014.00
    722.31	 338028.00
    722.73	 337787.00
    723.15	 338209.00
    723.58	 336799.00
    724.00	 337155.00
    724.42	 337058.00
    724.85	 337093.00
    725.27	 336131.00
    725.69	 335898.00
    726.11	 335902.00
    726.54	 335127.00
    726.96	 335089.00
    727.38	 335096.00
    727.81	 334869.00
    728.23	 334254.00
    728.65	 334134.00
    729.07	 333143.00
    729.50	 332992.00
    729.92	 332769.00
    730.34	 332420.00
    730.76	 332721.00
    731.19	 332351.00
    731.61	 331881.00
    732.03	 331736.00
    732.46	 331541.00
    732.88	 330852.00
    733.30	 330263.00
    733.72	 330047.00
    734.15	 330016.00
    734.57	 329689.00
    734.99	 329638.00
    735.41	 329330.00
    735.84	 328639.00
    736.26	 328977.00
    736.68	 328023.00
    737.11	 328358.00
    737.53	 327885.00
    737.95	 327669.00
    738.37	 327508.00
    738.80	 326591.00
    739.22	 327546.00
    739.64	 327323.00
    740.07	 326871.00
    740.49	 327325.00
    740.91	 326714.00
    741.33	 326163.00
    741.76	 325883.00
    742.18	 324890.00
    742.60	 324699.00
    743.02	 324453.00
    743.45	 324038.00
    743.87	 324631.00
    744.29	 323772.00
    744.72	 323372.00
    745.14	 323185.00
    745.56	 323036.00
    745.98	 322958.00
    746.41	 321740.00
    746.83	 321424.00
    747.25	 321147.00
    747.67	 320867.00
    748.10	 320439.00
    748.52	 320179.00
    748.94	 319750.00
    749.37	 319795.00
    749.79	 319074.00
    750.21	 318202.00
    750.63	 316940.00
    751.06	 316967.00
    751.48	 316828.00
    751.90	 317290.00
    752.33	 316819.00
    752.75	 315954.00
    753.17	 316609.00
    753.59	 315609.00
    754.02	 314845.00
    754.44	 314299.00
    754.86	 313721.00
    755.28	 313618.00
    755.71	 313209.00
    756.13	 312591.00
    756.55	 312706.00
    756.98	 313051.00
    757.40	 311828.00
    757.82	 311215.00
    758.24	 310674.00
    758.67	 309797.00
    759.09	 309412.00
    759.51	 308787.00
    759.94	 309172.00
    760.36	 308716.00
    760.78	 308691.00
    761.20	 308247.00
    761.63	 307445.00
    762.05	 306774.00
    762.47	 305737.00
    762.89	 305487.00
    763.32	 305433.00
    763.74	 305252.00
    764.16	 304827.00
    764.59	 305428.00
    765.01	 304669.00
    765.43	 304222.00
    765.85	 303240.00
    766.28	 303045.00
    766.70	 302796.00
    767.12	 301882.00
    767.54	 301793.00
    767.97	 301596.00
    768.39	 301486.00
    768.81	 300493.00
    769.24	 300726.00
    769.66	 300149.00
    770.08	 299417.00
    770.50	 298999.00
    770.93	 298889.00
    771.35	 298375.00
    771.77	 297657.00
    772.20	 297224.00
    772.62	 296902.00
    773.04	 296881.00
    773.46	 295873.00
    773.89	 294860.00
    774.31	 295026.00
    774.73	 294193.00
    775.15	 294427.00
    775.58	 293564.00
    776.00	 293435.00
    776.42	 292269.00
    776.85	 291525.00
    777.27	 291028.00
    777.69	 291213.00
    778.11	 290649.00
    778.54	 289756.00
    778.96	 289853.00
    779.38	 288794.00
    779.80	 288576.00
    780.23	 287770.00
    780.65	 286947.00
    781.07	 286433.00
    781.50	 286556.00
    781.92	 285435.00
    782.34	 285801.00
    782.76	 285606.00
    783.19	 284457.00
    783.61	 283851.00
    784.03	 283481.00
    784.46	 282466.00
    784.88	 282334.00
    785.30	 281897.00
    785.72	 281895.00
    786.15	 281243.00
    786.57	 280658.00
    786.99	 280514.00
    787.41	 279688.00
    787.84	 279640.00
    788.26	 279190.00
    788.68	 278132.00
    789.11	 278232.00
    789.53	 277353.00
    789.95	 277186.00
    790.37	 276572.00
    790.80	 276801.00
    791.22	 275357.00
    791.64	 275619.00
    792.06	 274792.00
    792.49	 274765.00
    792.91	 274165.00
    793.33	 273468.00
    793.76	 272476.00
    794.18	 272558.00
    794.60	 272654.00
    795.02	 272080.00
    795.45	 271924.00
    795.87	 271057.00
    796.29	 270556.00
    796.72	 270200.00
    797.14	 269851.00
    797.56	 269131.00
    797.98	 269163.00
    798.41	 268364.00
    798.83	 268840.00
    799.25	 267638.00
    799.67	 267031.00
    800.10	 266658.00
    800.52	 266250.00
    800.94	 265731.00
    801.37	 265422.00
    801.79	 264950.00
    802.21	 264345.00
    802.63	 263780.00
    803.06	 264096.00
    803.48	 263726.00
    803.90	 263158.00
    804.32	 263302.00
    804.75	 262633.00
    805.17	 262351.00
    805.59	 261570.00
    806.02	 261140.00
    806.44	 261016.00
    806.86	 260496.00
    807.28	 259864.00
    807.71	 259839.00
    808.13	 259897.00
    808.55	 259735.00
    808.98	 259625.00
    809.40	 259255.00
    809.82	 258990.00
    810.24	 258348.00
    810.67	 257347.00
    811.09	 256839.00
    811.51	 256119.00
    811.93	 256146.00
    812.36	 255609.00
    812.78	 255756.00
    813.20	 255570.00
    813.63	 255450.00
    814.05	 255308.00
    814.47	 254771.00
    814.89	 253744.00
    815.32	 253550.00
    815.74	 253012.00
    816.16	 252351.00
    816.59	 252347.00
    817.01	 252354.00
    817.43	 252125.00
    817.85	 251666.00
    818.28	 251671.00
    818.70	 250970.00
    819.12	 250632.00
    819.54	 249705.00
    819.97	 249636.00
    820.39	 249135.00
    820.81	 249223.00
    821.24	 249852.00
    821.66	 249391.00
    822.08	 249383.00
    822.50	 248503.00
    822.93	 248468.00
    823.35	 247709.00
    823.77	 247337.00
    824.19	 246935.00
    824.62	 246535.00
    825.04	 246118.00
    825.46	 245675.00
    825.89	 246066.00
    826.31	 245643.00
    826.73	 245541.00
    827.15	 245870.00
    827.58	 245390.00
    828.00	 245272.00
    828.42	 245052.00
    828.85	 243685.00
    829.27	 243938.00
    829.69	 243366.00
    830.11	 242805.00
    830.54	 242491.00
    830.96	 242447.00
    831.38	 242557.00
    831.80	 242503.00
    832.23	 242225.00
    832.65	 242605.00
    833.07	 241531.00
    833.50	 241171.00
    833.92	 240503.00
    834.34	 240390.00
    834.76	 239699.00
    835.19	 239446.00
    835.61	 239723.00
    836.03	 239431.00
    836.45	 239479.00
    836.88	 239420.00
    837.30	 239113.00
    837.72	 238384.00
    838.15	 238504.00
    838.57	 237578.00
    838.99	 237514.00
    839.41	 237959.00
    839.84	 237427.00
    840.26	 236892.00
    840.68	 236497.00
    841.11	 236128.00
    841.53	 236024.00
    841.95	 236068.00
    842.37	 235674.00
    842.80	 235636.00
    843.22	 235350.00
    843.64	 235414.00
    844.06	 235799.00
    844.49	 235500.00
    844.91	 235228.00
    845.33	 234935.00
    845.76	 234680.00
    846.18	 234278.00
    846.60	 233760.00
    847.02	 233424.00
    847.45	 233155.00
    847.87	 233155.00
    848.29	 233107.00
    848.71	 232768.00
    849.14	 232024.00
    849.56	 232344.00
    849.98	 232277.00
    850.41	 232419.00
    850.83	 232611.00
    851.25	 232260.00
    851.67	 232518.00
    852.10	 231595.00
    852.52	 232044.00
    852.94	 231421.00
    853.37	 231376.00
    853.79	 230999.00
    854.21	 230832.00
    854.63	 230582.00
    855.06	 230412.00
    855.48	 230633.00
    855.90	 230410.00
    856.32	 230024.00
    856.75	 230081.00
    857.17	 230333.00
    857.59	 229453.00
    858.02	 229938.00
    858.44	 229098.00
    858.86	 228953.00
    859.28	 228530.00
    859.71	 228068.00
    860.13	 228307.00
    860.55	 227329.00
    860.97	 227962.00
    861.40	 227512.00
    861.82	 227595.00
    862.24	 227783.00
    862.67	 227493.00
    863.09	 227339.00
    863.51	 227396.00
    863.93	 227197.00
    864.36	 226624.00
    864.78	 226536.00
    865.20	 225688.00
    865.63	 225566.00
    866.05	 225447.00
    866.47	 225421.00
    866.89	 225141.00
    867.32	 225704.00
    867.74	 225186.00
    868.16	 225372.00
    868.58	 225451.00
    869.01	 224850.00
    869.43	 224698.00
    869.85	 224623.00
    870.28	 224063.00
    870.70	 223870.00
    871.12	 223487.00
    871.54	 223180.00
    871.97	 223099.00
    872.39	 222501.00
    872.81	 223003.00
    873.24	 222932.00
    873.66	 222832.00
    874.08	 222619.00
    874.50	 222497.00
    874.93	 222394.00
    875.35	 221773.00
    875.77	 221791.00
    876.19	 220936.00
    876.62	 220421.00
    877.04	 220015.00
    877.46	 219665.00
    877.89	 219664.00
    878.31	 219868.00
    878.73	 219735.00
    879.15	 219968.00
    879.58	 220050.00
    880.00	 219930.00
    880.42	 219498.00
    880.84	 219419.00
    881.27	 218653.00
    881.69	 217902.00
    882.11	 217239.00
    882.54	 217312.00
    882.96	 217276.00
    883.38	 217514.00
    883.80	 217674.00
    884.23	 217316.00
    884.65	 217713.00
    885.07	 217427.00
    885.50	 216799.00
    885.92	 216443.00
    886.34	 216298.00
    886.76	 215281.00
    887.19	 215079.00
    887.61	 215005.00
    888.03	 214703.00
    888.45	 214748.00
    888.88	 215110.00
    889.30	 214987.00
    889.72	 215192.00
    890.15	 215193.00
    890.57	 214823.00
    890.99	 214177.00
    891.41	 213643.00
    891.84	 213430.00
    892.26	 212559.00
    892.68	 211647.00
    893.10	 211417.00
    893.53	 211629.00
    893.95	 211657.00
    894.37	 212156.00
    894.80	 212297.00
    895.22	 212330.00
    895.64	 212442.00
    896.06	 212317.00
    896.49	 211694.00
    896.91	 211251.00
    897.33	 210647.00
    897.76	 209752.00
    898.18	 209112.00
    898.60	 208400.00
    899.02	 208362.00
    899.45	 208029.00
    899.87	 208191.00
    900.29	 208304.00
    900.71	 208990.00
    901.14	 208914.00
    901.56	 209117.00
    901.98	 209238.00
    902.41	 208869.00
    902.83	 208230.00
    903.25	 207600.00
    903.67	 206918.00
    904.10	 205944.00
    904.52	 206225.00
    904.94	 205395.00
    905.36	 204871.00
    905.79	 205103.00
    906.21	 204765.00
    906.63	 205231.00
    907.06	 205403.00
    907.48	 205692.00
    907.90	 205549.00
    908.32	 205319.00
    908.75	 205219.00
    909.17	 204779.00
    909.59	 204591.00
    910.02	 204043.00
    910.44	 203299.00
    910.86	 202666.00
    911.28	 202106.00
    911.71	 201223.00
    912.13	 201414.00
    912.55	 201195.00
    912.97	 201028.00
    913.40	 201260.00
    913.82	 201103.00
    914.24	 201027.00
    914.67	 200897.00
    915.09	 200795.00
    915.51	 200793.00
    915.93	 200395.00
    916.36	 200147.00
    916.78	 200013.00
    917.20	 199576.00
    917.62	 199292.00
    918.05	 198939.00
    918.47	 198319.00
    918.89	 198193.00
    919.32	 198108.00
    919.74	 198028.00
    920.16	 197722.00
    920.58	 197455.00
    921.01	 197166.00
    921.43	 197111.00
    921.85	 196443.00
    922.28	 196469.00
    922.70	 195605.00
    923.12	 195357.00
    923.54	 195219.00
    923.97	 195206.00
    924.39	 194853.00
    924.81	 195014.00
    925.23	 194234.00
    925.66	 194075.00
    926.08	 193542.00
    926.50	 193691.00
    926.93	 193546.00
    927.35	 193190.00
    927.77	 192685.00
    928.19	 192421.00
    928.62	 192112.00
    929.04	 191859.00
    929.46	 191815.00
    929.89	 191248.00
    930.31	 191304.00
    930.73	 190929.00
    931.15	 190722.00
    931.58	 190490.00
    932.00	 190221.00
    932.42	 189532.00
    932.84	 189438.00
    933.27	 189220.00
    933.69	 188535.00
    934.11	 188125.00
    934.54	 188211.00
    934.96	 187801.00
    935.38	 187750.00
    935.80	 187383.00
    936.23	 187567.00
    936.65	 186968.00
    937.07	 187177.00
    937.49	 186409.00
    937.92	 186355.00
    938.34	 185616.00
    938.76	 185489.00
    939.19	 185323.00
    939.61	 184746.00
    940.03	 184262.00
    940.45	 183854.00
    940.88	 183559.00
    941.30	 183301.00
    941.72	 183134.00
    942.15	 183142.00
    942.57	 183242.00
    942.99	 183004.00
    943.41	 182728.00
    943.84	 182556.00
    944.26	 182410.00
    944.68	 182073.00
    945.10	 181146.00
    945.53	 180931.00
    945.95	 180824.00
    946.37	 180373.00
    946.80	 180062.00
    947.22	 179608.00
    947.64	 179391.00
    948.06	 179597.00
    948.49	 179342.00
    948.91	 179386.00
    949.33	 179004.00
    949.75	 178687.00
    950.18	 178641.00
    950.60	 178522.00
    951.02	 178024.00
    951.45	 177842.00
    951.87	 177411.00
    952.29	 177264.00
    952.71	 177205.00
    953.14	 176965.00
    953.56	 176798.00
    953.98	 176254.00
    954.41	 176209.00
    954.83	 175655.00
    955.25	 175336.00
    955.67	 174895.00
    956.10	 174933.00
    956.52	 174717.00
    956.94	 174572.00
    957.36	 174402.00
    957.79	 174169.00
    958.21	 174066.00
    958.63	 173625.00
    959.06	 173441.00
    959.48	 172867.00
    959.90	 172620.00
    960.32	 172401.00
    960.75	 172254.00
    961.17	 172359.00
    961.59	 172269.00
    962.01	 171946.00
    962.44	 172183.00
    962.86	 171894.00
    963.28	 171648.00
    963.71	 171625.00
    964.13	 170943.00
    964.55	 170610.00
    964.97	 170432.00
    965.40	 170114.00
    965.82	 169878.00
    966.24	 169582.00
    966.67	 169041.00
    967.09	 168723.00
    967.51	 168583.00
    967.93	 168186.00
    968.36	 168096.00
    968.78	 168153.00
    969.20	 168056.00
    969.62	 167692.00
    970.05	 167541.00
    970.47	 167268.00
    970.89	 167353.00
    971.32	 167016.00
    971.74	 166757.00
    972.16	 166860.00
    972.58	 166409.00
    973.01	 166276.00
    973.43	 166004.00
    973.85	 165743.00
    974.27	 165247.00
    974.70	 164999.00
    975.12	 164868.00
    975.54	 164875.00
    975.97	 164520.00
    976.39	 164281.00
    976.81	 164138.00
    977.23	 163895.00
    977.66	 164012.00
    978.08	 163826.00
    978.50	 163524.00
    978.93	 163366.00
    979.35	 163122.00
    979.77	 162787.00
    980.19	 162989.00
    980.62	 162659.00
    981.04	 162100.00
    981.46	 161969.00
    981.88	 161714.00
    982.31	 161333.00
    982.73	 161232.00
    983.15	 161057.00
    983.58	 160888.00
    984.00	 161068.00
    984.42	 160568.00
    984.84	 160218.00
    985.27	 160186.00
    985.69	 159679.00
    986.11	 159601.00
    986.54	 159407.00
    986.96	 159108.00
    987.38	 158946.00
    987.80	 158811.00
    988.23	 158425.00
    988.65	 158409.00
    989.07	 158134.00
    989.49	 158045.00
    989.92	 157782.00
    990.34	 157571.00
    990.76	 157497.00
    991.19	 157404.00
    991.61	 157182.00
    992.03	 157051.00
    992.45	 157027.00
    992.88	 156576.00
    993.30	 156491.00
    993.72	 156341.00
    994.14	 156225.00
    994.57	 155915.00
    994.99	 155921.00
    995.41	 155378.00
    995.84	 155186.00
    996.26	 154960.00
    996.68	 154715.00
    997.10	 154678.00
    997.53	 154533.00
    997.95	 154551.00
    998.37	 154327.00
    998.80	 154025.00
    999.22	 154208.00
    999.64	 153748.00
   1000.06	 153838.00
   1000.49	 153431.00
   1000.91	 153263.00
   1001.33	 153234.00
   1001.75	 153370.00
   1002.18	 153242.00
   1002.60	 152811.00
   1003.02	 153013.00
   1003.45	 152823.00
   1003.87	 152777.00
   1004.29	 152513.00
   1004.71	 152306.00
   1005.14	 152220.00
   1005.56	 152106.00
   1005.98	 151876.00
   1006.40	 151618.00
   1006.83	 151698.00
   1007.25	 151512.00
   1007.67	 151335.00
   1008.10	 151264.00
   1008.52	 151062.00
   1008.94	 150900.00
   1009.36	 150755.00
   1009.79	 150872.00
   1010.21	 150503.00
   1010.63	 150223.00
   1011.06	 150301.00
   1011.48	 150238.00
   1011.90	 149946.00
   1012.32	 149909.00
   1012.75	 149802.00
   1013.17	 149549.00
   1013.59	 149341.00
   1014.01	 149310.00
   1014.44	 149147.00
   1014.86	 149181.00
   1015.28	 148964.00
   1015.71	 148848.00
   1016.13	 148628.00
   1016.55	 148416.00
   1016.97	 148557.00
   1017.40	 148303.00
   1017.82	 148357.00
   1018.24	 148184.00
   1018.66	 147956.00
   1019.09	 148100.00
   1019.51	 147790.00
   1019.93	 147949.00
   1020.36	 147673.00
   1020.78	 147353.00
   1021.20	 147458.00
   1021.62	 147347.00
   1022.05	 147121.00
   1022.47	 147118.00
   1022.89	 146983.00
   1023.32	 146963.00
   1023.74	 146989.00
   1024.16	 146702.00
   1024.58	 146529.00
   1025.01	 146662.00
   1025.43	 146518.00
   1025.85	 146491.00
   1026.27	 146484.00
   1026.70	 146193.00
   1027.12	 146097.00
   1027.54	 145948.00
   1027.97	 145828.00
   1028.39	 145862.00
   1028.81	 145791.00
   1029.23	 145579.00
   1029.66	 145482.00
   1030.08	 145533.00
   1030.50	 145529.00
   1030.92	 145396.00
   1031.35	 145242.00
   1031.77	 145187.00
   1032.19	 145093.00
   1032.62	 145061.00
   1033.04	 144929.00
