    216.96	   2711.00
    217.38	   2791.33
    217.81	   2827.20
    218.23	   2825.57
    218.65	   2862.00
    219.08	   2874.73
    219.50	   2892.77
    219.92	   2927.27
    220.34	   2939.00
    220.77	   2964.10
    221.19	   2993.95
    221.61	   3010.04
    222.03	   3029.36
    222.46	   3042.48
    222.88	   3063.82
    223.30	   3086.35
    223.73	   3110.18
    224.15	   3121.69
    224.57	   3141.71
    224.99	   3161.31
    225.42	   3182.37
    225.84	   3205.72
    226.26	   3225.20
    226.69	   3242.62
    227.11	   3262.27
    227.53	   3281.90
    227.95	   3302.24
    228.38	   3323.44
    228.80	   3342.63
    229.22	   3362.44
    229.64	   3383.79
    230.07	   3403.04
    230.49	   3417.37
    230.91	   3435.79
    231.34	   3453.20
    231.76	   3471.64
    232.18	   3494.84
    232.60	   3511.20
    233.03	   3530.41
    233.45	   3545.26
    233.87	   3563.20
    234.29	   3583.81
    234.72	   3601.49
    235.14	   3617.10
    235.56	   3633.45
    235.99	   3649.06
    236.41	   3664.59
    236.83	   3682.11
    237.25	   3698.26
    237.68	   3716.12
    238.10	   3732.82
    238.52	   3750.21
    238.95	   3764.78
    239.37	   3781.59
    239.79	   3796.45
    240.21	   3809.73
    240.64	   3820.25
    241.06	   3832.88
    241.48	   3846.73
    241.90	   3863.31
    242.33	   3876.61
    242.75	   3890.04
    243.17	   3902.78
    243.60	   3918.80
    244.02	   3932.96
    244.44	   3947.08
    244.86	   3960.57
    245.29	   3968.55
    245.71	   3978.55
    246.13	   3992.16
    246.55	   4008.08
    246.98	   4018.45
    247.40	   4028.84
    247.82	   4041.85
    248.25	   4056.10
    248.67	   4068.11
    249.09	   4078.76
    249.51	   4089.92
    249.94	   4100.35
    250.36	   4110.93
    250.78	   4123.94
    251.21	   4134.78
    251.63	   4142.80
    252.05	   4153.65
    252.47	   4163.82
    252.90	   4170.51
    253.32	   4180.81
    253.74	   4186.23
    254.16	   4194.38
    254.59	   4201.88
    255.01	   4210.11
    255.43	   4216.24
    255.86	   4223.90
    256.28	   4228.69
    256.70	   4233.98
    257.12	   4244.69
    257.55	   4251.27
    257.97	   4257.59
    258.39	   4259.12
    258.81	   4265.38
    259.24	   4270.64
    259.66	   4278.57
    260.08	   4281.75
    260.51	   4284.63
    260.93	   4291.14
    261.35	   4300.61
    261.77	   4308.98
    262.20	   4319.08
    262.62	   4323.85
    263.04	   4327.04
    263.47	   4333.67
    263.89	   4339.38
    264.31	   4342.45
    264.73	   4344.39
    265.16	   4350.58
    265.58	   4355.51
    266.00	   4360.58
    266.42	   4367.09
    266.85	   4368.85
    267.27	   4371.16
    267.69	   4377.06
    268.12	   4381.64
    268.54	   4383.67
    268.96	   4385.96
    269.38	   4387.16
    269.81	   4389.63
    270.23	   4390.49
    270.65	   4394.98
    271.07	   4398.41
    271.50	   4398.12
    271.92	   4400.49
    272.34	   4405.94
    272.77	   4407.71
    273.19	   4411.78
    273.61	   4414.79
    274.03	   4417.57
    274.46	   4423.86
    274.88	   4425.20
    275.30	   4428.08
    275.73	   4432.20
    276.15	   4437.45
    276.57	   4443.62
    276.99	   4448.82
    277.42	   4455.69
    277.84	   4456.92
    278.26	   4459.18
    278.68	   4465.10
    279.11	   4474.63
    279.53	   4475.84
    279.95	   4483.37
    280.38	   4484.38
    280.80	   4488.06
    281.22	   4494.95
    281.64	   4500.25
    282.07	   4505.75
    282.49	   4506.51
    282.91	   4509.15
    283.34	   4513.13
    283.76	   4519.67
    284.18	   4523.15
    284.60	   4524.31
    285.03	   4529.32
    285.45	   4533.82
    285.87	   4533.49
    286.29	   4539.28
    286.72	   4545.53
    287.14	   4548.10
    287.56	   4555.72
    287.99	   4558.12
    288.41	   4564.04
    288.83	   4569.20
    289.25	   4574.62
    289.68	   4579.82
    290.10	   4583.06
    290.52	   4588.45
    290.94	   4592.43
    291.37	   4593.71
    291.79	   4598.47
    292.21	   4604.00
    292.64	   4609.92
    293.06	   4616.12
    293.48	   4623.70
    293.90	   4629.81
    294.33	   4631.51
    294.75	   4637.49
    295.17	   4638.12
    295.60	   4642.18
    296.02	   4649.16
    296.44	   4653.08
    296.86	   4655.53
    297.29	   4655.36
    297.71	   4659.41
    298.13	   4659.53
    298.55	   4664.08
    298.98	   4668.24
    299.40	   4670.20
    299.82	   4668.88
    300.25	   4675.04
    300.67	   4675.79
    301.09	   4678.51
    301.51	   4684.81
    301.94	   4686.22
    302.36	   4687.39
    302.78	   4688.88
    303.20	   4696.45
    303.63	   4699.49
    304.05	   4707.69
    304.47	   4710.72
    304.90	   4715.90
    305.32	   4719.96
    305.74	   4721.33
    306.16	   4721.70
    306.59	   4727.71
    307.01	   4730.86
    307.43	   4734.40
    307.86	   4740.37
    308.28	   4742.59
    308.70	   4748.73
    309.12	   4747.85
    309.55	   4750.37
    309.97	   4753.02
    310.39	   4756.47
    310.81	   4759.55
    311.24	   4762.36
    311.66	   4769.35
    312.08	   4771.09
    312.51	   4773.06
    312.93	   4776.12
    313.35	   4777.92
    313.77	   4780.53
    314.20	   4780.85
    314.62	   4783.14
    315.04	   4786.76
    315.46	   4789.78
    315.89	   4795.43
    316.31	   4802.28
    316.73	   4805.82
    317.16	   4808.81
    317.58	   4811.96
    318.00	   4817.55
    318.42	   4821.25
    318.85	   4828.10
    319.27	   4833.58
    319.69	   4837.91
    320.12	   4843.00
    320.54	   4846.44
    320.96	   4850.45
    321.38	   4853.23
    321.81	   4860.09
    322.23	   4862.18
    322.65	   4868.02
    323.07	   4874.75
    323.50	   4879.96
    323.92	   4877.72
    324.34	   4880.45
    324.77	   4882.57
    325.19	   4884.14
    325.61	   4888.14
    326.03	   4896.82
    326.46	   4902.66
    326.88	   4912.67
    327.30	   4919.96
    327.72	   4920.55
    328.15	   4923.83
    328.57	   4925.57
    328.99	   4931.11
    329.42	   4935.41
    329.84	   4943.90
    330.26	   4944.81
    330.68	   4949.67
    331.11	   4953.79
    331.53	   4959.00
    331.95	   4963.14
    332.38	   4964.69
    332.80	   4968.51
    333.22	   4971.35
    333.64	   4975.59
    334.07	   4980.20
    334.49	   4982.51
    334.91	   4989.22
    335.33	   4994.53
    335.76	   5000.41
    336.18	   5006.36
    336.60	   5010.23
    337.03	   5017.51
    337.45	   5024.78
    337.87	   5028.55
    338.29	   5036.74
    338.72	   5040.15
    339.14	   5049.39
    339.56	   5056.43
    339.99	   5063.28
    340.41	   5073.04
    340.83	   5078.49
    341.25	   5089.04
    341.68	   5095.47
    342.10	   5101.94
    342.52	   5109.90
    342.94	   5117.33
    343.37	   5125.10
    343.79	   5132.32
    344.21	   5139.70
    344.64	   5148.67
    345.06	   5158.65
    345.48	   5161.59
    345.90	   5171.27
    346.33	   5176.47
    346.75	   5182.88
    347.17	   5190.67
    347.59	   5195.18
    348.02	   5201.27
    348.44	   5210.51
    348.86	   5215.51
    349.29	   5223.62
    349.71	   5228.16
    350.13	   5234.94
    350.55	   5239.98
    350.98	   5247.69
    351.40	   5255.73
    351.82	   5263.29
    352.25	   5273.04
    352.67	   5278.62
    353.09	   5288.43
    353.51	   5302.45
    353.94	   5314.96
    354.36	   5323.36
    354.78	   5333.49
    355.20	   5344.59
    355.63	   5356.77
    356.05	   5362.57
    356.47	   5373.18
    356.90	   5380.86
    357.32	   5389.22
    357.74	   5398.10
    358.16	   5402.63
    358.59	   5414.74
    359.01	   5428.04
    359.43	   5439.36
    359.85	   5448.02
    360.28	   5457.12
    360.70	   5468.45
    361.12	   5473.72
    361.55	   5487.00
    361.97	   5497.45
    362.39	   5507.92
    362.81	   5521.61
    363.24	   5533.19
    363.66	   5545.51
    364.08	   5559.33
    364.51	   5571.94
    364.93	   5584.43
    365.35	   5603.53
    365.77	   5620.35
    366.20	   5639.49
    366.62	   5653.72
    367.04	   5669.59
    367.46	   5684.23
    367.89	   5697.25
    368.31	   5716.88
    368.73	   5731.82
    369.16	   5751.06
    369.58	   5773.64
    370.00	   5793.80
    370.42	   5815.30
    370.85	   5837.14
    371.27	   5855.65
    371.69	   5881.68
    372.11	   5902.94
    372.54	   5924.94
    372.96	   5945.94
    373.38	   5970.53
    373.81	   5997.14
    374.23	   6020.06
    374.65	   6042.47
    375.07	   6070.18
    375.50	   6096.49
    375.92	   6123.34
    376.34	   6149.21
    376.77	   6176.49
    377.19	   6205.94
    377.61	   6239.10
    378.03	   6267.94
    378.46	   6298.33
    378.88	   6329.75
    379.30	   6359.69
    379.72	   6388.17
    380.15	   6419.65
    380.57	   6449.26
    380.99	   6479.24
    381.42	   6514.16
    381.84	   6554.39
    382.26	   6590.47
    382.68	   6628.62
    383.11	   6670.29
    383.53	   6711.71
    383.95	   6752.89
    384.37	   6797.84
    384.80	   6841.13
    385.22	   6889.69
    385.64	   6934.12
    386.07	   6977.57
    386.49	   7024.16
    386.91	   7074.39
    387.33	   7130.23
    387.76	   7186.33
    388.18	   7243.65
    388.60	   7304.98
    389.03	   7362.49
    389.45	   7423.57
    389.87	   7486.02
    390.29	   7550.82
    390.72	   7617.49
    391.14	   7688.91
    391.56	   7759.00
    391.98	   7837.29
    392.41	   7915.45
    392.83	   7996.57
    393.25	   8077.32
    393.68	   8160.94
    394.10	   8248.79
    394.52	   8338.90
    394.94	   8434.35
    395.37	   8532.89
    395.79	   8632.76
    396.21	   8738.49
    396.64	   8846.10
    397.06	   8954.88
    397.48	   9073.77
    397.90	   9196.61
    398.33	   9314.94
    398.75	   9447.63
    399.17	   9582.22
    399.59	   9718.06
    400.02	   9862.94
    400.44	  10009.74
    400.86	  10162.78
    401.29	  10323.45
    401.71	  10488.43
    402.13	  10649.39
    402.55	  10818.31
    402.98	  10993.71
    403.40	  11169.59
    403.82	  11353.14
    404.24	  11539.98
    404.67	  11732.26
    405.09	  11929.06
    405.51	  12132.24
    405.94	  12336.76
    406.36	  12552.45
    406.78	  12772.16
    407.20	  12996.10
    407.63	  13227.04
    408.05	  13460.53
    408.47	  13695.39
    408.90	  13938.43
    409.32	  14186.74
    409.74	  14447.68
    410.16	  14710.16
    410.59	  14977.33
    411.01	  15252.33
    411.43	  15536.04
    411.85	  15822.13
    412.28	  16117.74
    412.70	  16414.45
    413.12	  16713.98
    413.55	  17019.08
    413.97	  17331.45
    414.39	  17651.96
    414.81	  17976.18
    415.24	  18305.10
    415.66	  18640.72
    416.08	  18986.00
    416.50	  19332.65
    416.93	  19683.24
    417.35	  20039.62
    417.77	  20405.12
    418.20	  20770.61
    418.62	  21137.69
    419.04	  21513.28
    419.46	  21890.63
    419.89	  22277.55
    420.31	  22672.25
    420.73	  23068.39
    421.16	  23473.16
    421.58	  23885.19
    422.00	  24292.30
    422.42	  24707.82
    422.85	  25135.45
    423.27	  25561.90
    423.69	  26002.00
    424.11	  26448.41
    424.54	  26899.12
    424.96	  27358.09
    425.38	  27820.63
    425.81	  28290.26
    426.23	  28763.68
    426.65	  29246.67
    427.07	  29736.36
    427.50	  30230.55
    427.92	  30730.61
    428.34	  31230.63
    428.76	  31739.61
    429.19	  32253.51
    429.61	  32774.73
    430.03	  33303.98
    430.46	  33831.51
    430.88	  34369.79
    431.30	  34909.35
    431.72	  35448.69
    432.15	  35995.10
    432.57	  36552.63
    432.99	  37115.02
    433.42	  37683.78
    433.84	  38260.06
    434.26	  38847.51
    434.68	  39440.12
    435.11	  40037.92
    435.53	  40643.75
    435.95	  41255.08
    436.37	  41865.89
    436.80	  42492.72
    437.22	  43127.98
    437.64	  43766.10
    438.07	  44410.88
    438.49	  45061.69
    438.91	  45724.51
    439.33	  46390.18
    439.76	  47070.80
    440.18	  47753.83
    440.60	  48438.49
    441.02	  49128.56
    441.45	  49830.82
    441.87	  50541.83
    442.29	  51247.70
    442.72	  51973.61
    443.14	  52703.04
    443.56	  53437.75
    443.98	  54182.47
    444.41	  54929.67
    444.83	  55683.57
    445.25	  56439.68
    445.68	  57212.96
    446.10	  57987.39
    446.52	  58760.45
    446.94	  59555.18
    447.37	  60345.86
    447.79	  61146.90
    448.21	  61952.79
    448.63	  62764.61
    449.06	  63589.45
    449.48	  64417.08
    449.90	  65265.45
    450.33	  66097.27
    450.75	  66945.82
    451.17	  67802.08
    451.59	  68673.63
    452.02	  69548.84
    452.44	  70431.90
    452.86	  71322.53
    453.29	  72218.37
    453.71	  73109.14
    454.13	  74020.66
    454.55	  74933.84
    454.98	  75848.43
    455.40	  76782.00
    455.82	  77711.06
    456.24	  78649.10
    456.67	  79587.38
    457.09	  80530.02
    457.51	  81479.06
    457.94	  82431.34
    458.36	  83399.45
    458.78	  84366.12
    459.20	  85347.92
    459.63	  86324.04
    460.05	  87309.12
    460.47	  88301.85
    460.89	  89307.43
    461.32	  90320.32
    461.74	  91344.96
    462.16	  92373.47
    462.59	  93399.55
    463.01	  94446.19
    463.43	  95486.45
    463.85	  96535.08
    464.28	  97586.61
    464.70	  98635.85
    465.12	  99694.06
    465.55	 100757.45
    465.97	 101827.72
    466.39	 102895.45
    466.81	 103978.58
    467.24	 105066.63
    467.66	 106145.06
    468.08	 107239.00
    468.50	 108322.00
    468.93	 109421.45
    469.35	 110528.29
    469.77	 111630.69
    470.20	 112744.91
    470.62	 113857.12
    471.04	 114988.96
    471.46	 116116.94
    471.89	 117258.28
    472.31	 118383.57
    472.73	 119528.31
    473.15	 120687.23
    473.58	 121833.43
    474.00	 122994.82
    474.42	 124177.51
    474.85	 125347.13
    475.27	 126533.55
    475.69	 127722.12
    476.11	 128903.73
    476.54	 130110.45
    476.96	 131317.02
    477.38	 132530.80
    477.81	 133752.57
    478.23	 134973.35
    478.65	 136193.11
    479.07	 137411.22
    479.50	 138649.41
    479.92	 139878.53
    480.34	 141115.84
    480.76	 142362.43
    481.19	 143611.28
    481.61	 144857.89
    482.03	 146120.59
    482.46	 147386.20
    482.88	 148656.45
    483.30	 149922.41
    483.72	 151186.29
    484.15	 152464.88
    484.57	 153752.82
    484.99	 155047.77
    485.41	 156371.06
    485.84	 157670.33
    486.26	 158980.19
    486.68	 160289.86
    487.11	 161602.59
    487.53	 162918.37
    487.95	 164242.43
    488.37	 165567.64
    488.80	 166900.14
    489.22	 168233.13
    489.64	 169576.45
    490.07	 170907.71
    490.49	 172236.94
    490.91	 173567.80
    491.33	 174907.31
    491.76	 176252.55
    492.18	 177596.79
    492.60	 178912.69
    493.02	 180251.69
    493.45	 181588.49
    493.87	 182919.18
    494.29	 184253.27
    494.72	 185571.16
    495.14	 186890.61
    495.56	 188203.35
    495.98	 189499.73
    496.41	 190808.42
    496.83	 192117.04
    497.25	 193413.84
    497.67	 194687.28
    498.10	 195976.63
    498.52	 197259.06
    498.94	 198521.35
    499.37	 199800.88
    499.79	 201072.74
    500.21	 202336.45
    500.63	 203623.55
    501.06	 204876.08
    501.48	 206118.09
    501.90	 207341.88
    502.33	 208572.33
    502.75	 209782.27
    503.17	 210964.12
    503.59	 212147.68
    504.02	 213331.90
    504.44	 214515.63
    504.86	 215687.71
    505.28	 216844.21
    505.71	 217976.41
    506.13	 219084.29
    506.55	 220205.24
    506.98	 221313.35
    507.40	 222399.27
    507.82	 223468.90
    508.24	 224523.90
    508.67	 225571.68
    509.09	 226618.02
    509.51	 227646.44
    509.94	 228676.47
    510.36	 229677.14
    510.78	 230680.43
    511.20	 231659.96
    511.63	 232649.31
    512.05	 233603.02
    512.47	 234556.04
    512.89	 235480.02
    513.32	 236432.65
    513.74	 237353.84
    514.16	 238241.71
    514.59	 239133.53
    515.01	 240019.37
    515.43	 240904.82
    515.85	 241759.14
    516.28	 242603.90
    516.70	 243447.75
    517.12	 244279.88
    517.54	 245095.00
    517.97	 245896.26
    518.39	 246716.67
    518.81	 247491.22
    519.24	 248263.43
    519.66	 249047.28
    520.08	 249803.08
    520.50	 250548.78
    520.93	 251280.02
    521.35	 251977.00
    521.77	 252687.88
    522.20	 253395.92
    522.62	 254112.45
    523.04	 254795.00
    523.46	 255473.82
    523.89	 256150.20
    524.31	 256815.04
    524.73	 257484.35
    525.15	 258113.65
    525.58	 258752.74
    526.00	 259363.83
    526.42	 259983.47
    526.85	 260595.47
    527.27	 261199.25
    527.69	 261788.57
    528.11	 262389.06
    528.54	 262986.22
    528.96	 263574.64
    529.38	 264155.94
    529.80	 264720.22
    530.23	 265283.15
    530.65	 265820.25
    531.07	 266355.20
    531.50	 266882.00
    531.92	 267418.55
    532.34	 267919.82
    532.76	 268435.96
    533.19	 268925.28
    533.61	 269417.43
    534.03	 269878.37
    534.46	 270346.96
    534.88	 270811.20
    535.30	 271259.65
    535.72	 271701.37
    536.15	 272124.30
    536.57	 272529.88
    536.99	 272956.30
    537.41	 273362.49
    537.84	 273750.72
    538.26	 274130.57
    538.68	 274512.66
    539.11	 274872.00
    539.53	 275244.76
    539.95	 275603.57
    540.37	 275939.76
    540.80	 276263.72
    541.22	 276570.63
    541.64	 276887.55
    542.06	 277182.78
    542.49	 277481.14
    542.91	 277768.28
    543.33	 278029.98
    543.76	 278297.15
    544.18	 278555.71
    544.60	 278808.55
    545.02	 279046.14
    545.45	 279252.19
    545.87	 279479.23
    546.29	 279698.91
    546.72	 279907.95
    547.14	 280119.60
    547.56	 280316.72
    547.98	 280488.41
    548.41	 280666.69
    548.83	 280831.68
    549.25	 280988.98
    549.67	 281137.45
    550.10	 281296.59
    550.52	 281437.80
    550.94	 281550.67
    551.37	 281687.43
    551.79	 281823.84
    552.21	 281933.28
    552.63	 282046.96
    553.06	 282150.53
    553.48	 282263.40
    553.90	 282361.86
    554.32	 282451.57
    554.75	 282542.68
    555.17	 282628.29
    555.59	 282723.92
    556.02	 282815.98
    556.44	 282893.57
    556.86	 282960.22
    557.28	 283044.90
    557.71	 283120.18
    558.13	 283188.51
    558.55	 283248.69
    558.98	 283306.45
    559.40	 283353.47
    559.82	 283402.59
    560.24	 283446.33
    560.67	 283491.19
    561.09	 283544.24
    561.51	 283591.22
    561.93	 283643.02
    562.36	 283688.04
    562.78	 283747.61
    563.20	 283793.57
    563.63	 283830.31
    564.05	 283862.04
    564.47	 283891.71
    564.89	 283920.47
    565.32	 283959.20
    565.74	 283988.45
    566.16	 284046.89
    566.59	 284081.78
    567.01	 284083.59
    567.43	 284123.88
    567.85	 284172.96
    568.28	 284199.78
    568.70	 284238.16
    569.12	 284270.79
    569.54	 284316.16
    569.97	 284354.96
    570.39	 284390.43
    570.81	 284408.43
    571.24	 284447.80
    571.66	 284490.94
    572.08	 284546.47
    572.50	 284581.16
    572.93	 284631.47
    573.35	 284662.72
    573.77	 284709.20
    574.19	 284747.62
    574.62	 284798.86
    575.04	 284839.53
    575.46	 284890.41
    575.89	 284936.00
    576.31	 284986.44
    576.73	 285028.11
    577.15	 285094.64
    577.58	 285175.70
    578.00	 285235.77
    578.42	 285285.15
    578.85	 285341.43
    579.27	 285421.87
    579.69	 285506.47
    580.11	 285589.91
    580.54	 285671.43
    580.96	 285766.20
    581.38	 285859.34
    581.80	 285940.80
    582.23	 286044.65
    582.65	 286145.61
    583.07	 286231.57
    583.50	 286325.92
    583.92	 286424.54
    584.34	 286528.92
    584.76	 286663.49
    585.19	 286797.86
    585.61	 286909.98
    586.03	 287027.59
    586.45	 287136.51
    586.88	 287245.65
    587.30	 287374.72
    587.72	 287507.13
    588.15	 287636.98
    588.57	 287749.35
    588.99	 287882.81
    589.41	 288012.96
    589.84	 288138.69
    590.26	 288263.33
    590.68	 288405.21
    591.11	 288568.59
    591.53	 288711.91
    591.95	 288849.08
    592.37	 289003.10
    592.80	 289138.26
    593.22	 289285.76
    593.64	 289446.94
    594.06	 289617.79
    594.49	 289790.49
    594.91	 289943.92
    595.33	 290107.88
    595.76	 290305.81
    596.18	 290487.08
    596.60	 290661.88
    597.02	 290822.73
    597.45	 291002.55
    597.87	 291165.32
    598.29	 291328.71
    598.71	 291507.63
    599.14	 291708.14
    599.56	 291914.88
    599.98	 292124.89
    600.41	 292312.39
    600.83	 292506.45
    601.25	 292713.64
    601.67	 292900.41
    602.10	 293079.79
    602.52	 293296.22
    602.94	 293509.25
    603.37	 293723.87
    603.79	 293930.41
    604.21	 294131.64
    604.63	 294348.49
    605.06	 294574.61
    605.48	 294793.59
    605.90	 295025.24
    606.32	 295261.18
    606.75	 295495.06
    607.17	 295741.55
    607.59	 295990.47
    608.02	 296221.39
    608.44	 296473.25
    608.86	 296741.98
    609.28	 296999.91
    609.71	 297245.39
    610.13	 297523.32
    610.55	 297805.76
    610.97	 298069.57
    611.40	 298334.39
    611.82	 298603.92
    612.24	 298878.92
    612.67	 299152.57
    613.09	 299425.80
    613.51	 299700.55
    613.93	 299998.92
    614.36	 300270.57
    614.78	 300568.18
    615.20	 300857.08
    615.63	 301155.14
    616.05	 301459.84
    616.47	 301751.08
    616.89	 302062.74
    617.32	 302392.74
    617.74	 302729.98
    618.16	 303033.04
    618.58	 303364.96
    619.01	 303705.04
    619.43	 304051.64
    619.85	 304384.02
    620.28	 304720.12
    620.70	 305048.35
    621.12	 305405.25
    621.54	 305760.00
    621.97	 306091.68
    622.39	 306458.33
    622.81	 306838.26
    623.24	 307199.95
    623.66	 307560.87
    624.08	 307949.25
    624.50	 308339.76
    624.93	 308753.57
    625.35	 309162.56
    625.77	 309563.69
    626.19	 309952.94
    626.62	 310336.73
    627.04	 310759.04
    627.46	 311184.12
    627.89	 311630.04
    628.31	 312061.88
    628.73	 312519.94
    629.15	 312960.32
    629.58	 313379.41
    630.00	 313828.98
    630.42	 314313.96
    630.84	 314790.51
    631.27	 315234.10
    631.69	 315713.75
    632.11	 316189.90
    632.54	 316661.74
    632.96	 317179.73
    633.38	 317692.24
    633.80	 318206.65
    634.23	 318734.86
    634.65	 319241.80
    635.07	 319785.59
    635.50	 320326.87
    635.92	 320871.33
    636.34	 321424.32
    636.76	 321976.67
    637.19	 322555.10
    637.61	 323094.42
    638.03	 323646.19
    638.45	 324241.98
    638.88	 324874.57
    639.30	 325485.37
    639.72	 326065.27
    640.15	 326662.24
    640.57	 327253.49
    640.99	 327874.10
    641.41	 328498.32
    641.84	 329133.34
    642.26	 329752.00
    642.68	 330415.31
    643.10	 331054.72
    643.53	 331724.76
    643.95	 332396.67
    644.37	 333076.79
    644.80	 333753.84
    645.22	 334434.10
    645.64	 335095.00
    646.06	 335771.61
    646.49	 336468.88
    646.91	 337194.36
    647.33	 337925.88
    647.76	 338657.41
    648.18	 339379.73
    648.60	 340085.25
    649.02	 340811.84
    649.45	 341536.74
    649.87	 342302.26
    650.29	 343082.84
    650.71	 343857.49
    651.14	 344616.90
    651.56	 345377.14
    651.98	 346174.05
    652.41	 346959.53
    652.83	 347753.00
    653.25	 348550.75
    653.67	 349333.96
    654.10	 350160.39
    654.52	 351005.00
    654.94	 351820.82
    655.36	 352632.12
    655.79	 353450.32
    656.21	 354264.16
    656.63	 355078.82
    657.06	 355917.94
    657.48	 356745.78
    657.90	 357585.26
    658.32	 358484.14
    658.75	 359391.24
    659.17	 360219.45
    659.59	 361042.55
    660.02	 361872.71
    660.44	 362766.85
    660.86	 363666.34
    661.28	 364605.08
    661.71	 365506.63
    662.13	 366407.92
    662.55	 367292.56
    662.97	 368205.34
    663.40	 369089.77
    663.82	 370009.53
    664.24	 370943.49
    664.67	 371878.75
    665.09	 372817.82
    665.51	 373736.90
    665.93	 374677.51
    666.36	 375617.55
    666.78	 376565.12
    667.20	 377504.70
    667.62	 378449.53
    668.05	 379394.47
    668.47	 380343.49
    668.89	 381324.11
    669.32	 382355.91
    669.74	 383355.44
    670.16	 384326.90
    670.58	 385262.04
    671.01	 386183.90
    671.43	 387114.49
    671.85	 388098.28
    672.28	 389127.04
    672.70	 390156.68
    673.12	 391173.36
    673.54	 392189.76
    673.97	 393178.10
    674.39	 394139.47
    674.81	 395081.29
    675.23	 396079.51
    675.66	 397108.06
    676.08	 398172.32
    676.50	 399215.33
    676.93	 400243.72
    677.35	 401248.90
    677.77	 402226.59
    678.19	 403236.90
    678.62	 404254.08
    679.04	 405290.90
    679.46	 406311.86
    679.89	 407350.78
    680.31	 408364.37
    680.73	 409378.08
    681.15	 410357.59
    681.58	 411370.35
    682.00	 412386.98
    682.42	 413444.71
    682.84	 414488.69
    683.27	 415544.92
    683.69	 416608.57
    684.11	 417676.20
    684.54	 418692.51
    684.96	 419689.55
    685.38	 420707.84
    685.80	 421721.57
    686.23	 422816.02
    686.65	 423883.67
    687.07	 424966.63
    687.49	 426004.49
    687.92	 427021.04
    688.34	 428039.64
    688.76	 429034.67
    689.19	 430039.43
    689.61	 431070.20
    690.03	 432084.69
    690.45	 433127.25
    690.88	 434226.26
    691.30	 435382.10
    691.72	 436466.47
    692.15	 437485.35
    692.57	 438463.57
    692.99	 439413.41
    693.41	 440463.63
    693.84	 441582.62
    694.26	 442677.08
    694.68	 443772.82
    695.10	 444853.66
    695.53	 445894.80
    695.95	 446877.37
    696.37	 447857.35
    696.80	 448826.17
    697.22	 449825.69
    697.64	 450895.98
    698.06	 452031.51
    698.49	 453175.47
    698.91	 454301.27
    699.33	 455388.98
    699.75	 456384.82
    700.18	 457367.53
    700.60	 458361.18
    701.02	 459350.94
    701.45	 460336.97
    701.87	 461358.57
    702.29	 462403.63
    702.71	 463485.59
    703.14	 464572.51
    703.56	 465649.20
    703.98	 466662.47
    704.41	 467572.00
    704.83	 468424.65
    705.25	 469328.24
    705.67	 470264.35
    706.10	 471223.64
    706.52	 472271.29
    706.94	 473272.00
    707.36	 474321.70
    707.79	 475335.21
    708.21	 476334.10
    708.63	 477345.39
    709.06	 478357.55
    709.48	 479371.86
    709.90	 480292.35
    710.32	 481102.19
    710.75	 481865.71
    711.17	 482637.18
    711.59	 483442.89
    712.01	 484315.73
    712.44	 485300.94
    712.86	 486428.59
    713.28	 487615.53
    713.71	 488812.70
    714.13	 489836.88
    714.55	 490658.10
    714.97	 491335.14
    715.40	 492002.08
    715.82	 492768.03
    716.24	 493714.02
    716.67	 494770.51
    717.09	 495836.61
    717.51	 496871.60
    717.93	 497848.55
    718.36	 498755.35
    718.78	 499620.10
    719.20	 500458.58
    719.62	 501257.96
    720.05	 502004.78
    720.47	 502725.41
    720.89	 503460.06
    721.32	 504284.88
    721.74	 505209.40
    722.16	 506181.90
    722.58	 507087.77
    723.01	 507928.81
    723.43	 508643.21
    723.85	 509316.26
    724.27	 510040.14
    724.70	 510888.65
    725.12	 511896.39
    725.54	 512933.25
    725.97	 513829.17
    726.39	 514530.06
    726.81	 515126.31
    727.23	 515664.47
    727.66	 516297.86
    728.08	 516971.83
    728.50	 517746.63
    728.93	 518616.73
    729.35	 519427.69
    729.77	 520082.60
    730.19	 520665.08
    730.62	 521294.51
    731.04	 522056.24
    731.46	 522895.31
    731.88	 523798.80
    732.31	 524693.98
    732.73	 525428.71
    733.15	 525976.92
    733.58	 526330.76
    734.00	 526591.28
    734.42	 526836.74
    734.84	 527222.14
    735.27	 527853.00
    735.69	 528724.37
    736.11	 529620.51
    736.54	 530374.83
    736.96	 530967.79
    737.38	 531386.24
    737.80	 531710.73
    738.23	 531960.08
    738.65	 532230.24
    739.07	 532509.28
    739.49	 532807.51
    739.92	 533233.76
    740.34	 533839.82
    740.76	 534606.23
    741.19	 535435.82
    741.61	 536103.63
    742.03	 536523.47
    742.45	 536660.62
    742.88	 536636.61
    743.30	 536636.90
    743.72	 536670.14
    744.14	 536898.02
    744.57	 537330.29
    744.99	 537921.57
    745.41	 538554.96
    745.84	 539113.29
    746.26	 539477.53
    746.68	 539702.84
    747.10	 539886.83
    747.53	 540098.86
    747.95	 540229.95
    748.37	 540260.61
    748.80	 540377.10
    749.22	 540502.81
    749.64	 540555.96
    750.06	 540616.67
    750.49	 540685.12
    750.91	 540779.12
    751.33	 540865.44
    751.75	 540870.47
    752.18	 540972.41
    752.60	 541121.57
    753.02	 541328.94
    753.45	 541537.76
    753.87	 541712.98
    754.29	 541797.55
    754.71	 541705.59
    755.14	 541473.39
    755.56	 541168.74
    755.98	 540801.82
    756.40	 540455.00
    756.83	 540195.14
    757.25	 540056.31
    757.67	 539904.59
    758.10	 539734.30
    758.52	 539564.65
    758.94	 539408.63
    759.36	 539324.10
    759.79	 539381.72
    760.21	 539516.69
    760.63	 539497.40
    761.06	 539203.72
    761.48	 538735.82
    761.90	 538243.00
    762.32	 537902.60
    762.75	 537738.44
    763.17	 537756.06
    763.59	 537799.98
    764.01	 537650.39
    764.44	 537366.78
    764.86	 536978.13
    765.28	 536520.47
    765.71	 535942.76
    766.13	 535247.72
    766.55	 534429.00
    766.97	 533633.24
    767.40	 532963.06
    767.82	 532448.96
    768.24	 532011.39
    768.66	 531682.40
    769.09	 531440.35
    769.51	 531052.12
    769.93	 530507.32
    770.36	 529863.98
    770.78	 529183.04
    771.20	 528537.39
    771.62	 527958.12
    772.05	 527446.12
    772.47	 526980.90
    772.89	 526344.11
    773.32	 525254.25
    773.74	 524190.84
    774.16	 523843.75
    774.58	 523949.05
    775.01	 523790.64
    775.43	 523135.73
    775.85	 522443.00
    776.27	 522037.76
    776.70	 521217.29
    777.12	 519727.83
    777.54	 518605.04
    777.97	 517482.32
    778.39	 516108.00
    778.81	 515306.24
    779.23	 515117.63
    779.66	 513700.35
    780.08	 512012.93
    780.50	 512108.30
    780.92	 512609.45
    781.35	 511586.00
    781.77	 509254.43
    782.19	 508473.40
    782.62	 510187.00
    783.04	 510793.00
