216.96	1.4638e+005
217.38	1.3656e+005
217.81	1.3379e+005
218.23	1.3254e+005
218.65	1.3188e+005
219.08	1.3151e+005
219.5	1.3129e+005
219.92	1.3118e+005
220.34	1.3105e+005
220.77	1.31e+005
221.19	1.31e+005
221.61	1.3103e+005
222.03	1.3109e+005
222.46	1.3116e+005
222.88	1.3124e+005
223.3	1.3076e+005
223.73	1.3076e+005
224.15	1.3084e+005
224.57	1.3095e+005
224.99	1.3107e+005
225.42	1.3121e+005
225.84	1.3134e+005
226.26	1.3148e+005
226.69	1.3161e+005
227.11	1.3175e+005
227.53	1.3189e+005
227.95	1.3202e+005
228.38	1.3215e+005
228.8	1.3229e+005
229.22	1.3242e+005
229.64	1.3257e+005
230.07	1.3272e+005
230.49	1.3286e+005
230.91	1.3299e+005
231.34	1.3313e+005
231.76	1.3326e+005
232.18	1.3339e+005
232.6	1.3351e+005
233.03	1.3363e+005
233.45	1.3375e+005
233.87	1.3386e+005
234.29	1.3397e+005
234.72	1.3408e+005
235.14	1.3419e+005
235.56	1.3429e+005
235.99	1.3439e+005
236.41	1.345e+005
236.83	1.3459e+005
237.25	1.3469e+005
237.68	1.3479e+005
238.1	1.3488e+005
238.52	1.3497e+005
238.95	1.3505e+005
239.37	1.3514e+005
239.79	1.3522e+005
240.21	1.353e+005
240.64	1.3538e+005
241.06	1.3546e+005
241.48	1.3553e+005
241.9	1.3561e+005
242.33	1.3568e+005
242.75	1.3575e+005
243.17	1.3582e+005
243.6	1.3588e+005
244.02	1.3595e+005
244.44	1.3602e+005
244.86	1.3608e+005
245.29	1.3614e+005
245.71	1.362e+005
246.13	1.3626e+005
246.55	1.3632e+005
246.98	1.3638e+005
247.4	1.3643e+005
247.82	1.3649e+005
248.25	1.3654e+005
248.67	1.366e+005
249.09	1.3665e+005
249.51	1.367e+005
249.94	1.3675e+005
250.36	1.368e+005
250.78	1.3684e+005
251.21	1.3689e+005
251.63	1.3694e+005
252.05	1.3698e+005
252.47	1.3703e+005
252.9	1.3707e+005
253.32	1.3711e+005
253.74	1.3715e+005
254.16	1.3719e+005
254.59	1.3723e+005
255.01	1.3726e+005
255.43	1.373e+005
255.86	1.3733e+005
256.28	1.3736e+005
256.7	1.3739e+005
257.12	1.3741e+005
257.55	1.3744e+005
257.97	1.3746e+005
258.39	1.3749e+005
258.81	1.3751e+005
259.24	1.3752e+005
259.66	1.3754e+005
260.08	1.3755e+005
260.51	1.3756e+005
260.93	1.3757e+005
261.35	1.3758e+005
261.77	1.3759e+005
262.2	1.3759e+005
262.62	1.376e+005
263.04	1.376e+005
263.47	1.376e+005
263.89	1.376e+005
264.31	1.3759e+005
264.73	1.3759e+005
265.16	1.3758e+005
265.58	1.3757e+005
266	1.3757e+005
266.42	1.3756e+005
266.85	1.3755e+005
267.27	1.3754e+005
267.69	1.3753e+005
268.12	1.3752e+005
268.54	1.375e+005
268.96	1.3749e+005
269.38	1.3748e+005
269.81	1.3746e+005
270.23	1.3745e+005
270.65	1.3743e+005
271.07	1.3742e+005
271.5	1.374e+005
271.92	1.3739e+005
272.34	1.3737e+005
272.77	1.3736e+005
273.19	1.3734e+005
273.61	1.3733e+005
274.03	1.3731e+005
274.46	1.373e+005
274.88	1.3728e+005
275.3	1.3727e+005
275.73	1.3725e+005
276.15	1.3724e+005
276.57	1.3722e+005
276.99	1.3721e+005
277.42	1.3719e+005
277.84	1.3717e+005
278.26	1.3716e+005
278.68	1.3714e+005
279.11	1.3713e+005
279.53	1.3711e+005
279.95	1.3709e+005
280.38	1.3707e+005
280.8	1.3706e+005
281.22	1.3704e+005
281.64	1.3702e+005
282.07	1.3701e+005
282.49	1.3699e+005
282.91	1.3698e+005
283.34	1.3696e+005
283.76	1.3695e+005
284.18	1.3693e+005
284.6	1.3691e+005
285.03	1.369e+005
285.45	1.3688e+005
285.87	1.3687e+005
286.29	1.3685e+005
286.72	1.3684e+005
287.14	1.3682e+005
287.56	1.3681e+005
287.99	1.3679e+005
288.41	1.3678e+005
288.83	1.3676e+005
289.25	1.3675e+005
289.68	1.3673e+005
290.1	1.3672e+005
290.52	1.367e+005
290.94	1.3669e+005
291.37	1.3667e+005
291.79	1.3666e+005
292.21	1.3665e+005
292.64	1.3663e+005
293.06	1.3662e+005
293.48	1.366e+005
293.9	1.3659e+005
294.33	1.3657e+005
294.75	1.3656e+005
295.17	1.3655e+005
295.6	1.3653e+005
296.02	1.3651e+005
296.44	1.365e+005
296.86	1.3649e+005
297.29	1.3647e+005
297.71	1.3645e+005
298.13	1.3644e+005
298.55	1.3642e+005
298.98	1.3641e+005
299.4	1.3639e+005
299.82	1.3637e+005
300.25	1.3636e+005
300.67	1.3634e+005
301.09	1.3632e+005
301.51	1.3631e+005
301.94	1.3629e+005
302.36	1.3627e+005
302.78	1.3625e+005
303.2	1.3623e+005
303.63	1.3622e+005
304.05	1.362e+005
304.47	1.3618e+005
304.9	1.3616e+005
305.32	1.3614e+005
305.74	1.3612e+005
306.16	1.3611e+005
306.59	1.3609e+005
307.01	1.3607e+005
307.43	1.3605e+005
307.86	1.3603e+005
308.28	1.3601e+005
308.7	1.3599e+005
309.12	1.3597e+005
309.55	1.3596e+005
309.97	1.3594e+005
310.39	1.3592e+005
310.81	1.359e+005
311.24	1.3588e+005
311.66	1.3586e+005
312.08	1.3585e+005
312.51	1.3583e+005
312.93	1.3581e+005
313.35	1.3579e+005
313.77	1.3577e+005
314.2	1.3576e+005
314.62	1.3574e+005
315.04	1.3572e+005
315.46	1.357e+005
315.89	1.3569e+005
316.31	1.3567e+005
316.73	1.3565e+005
317.16	1.3564e+005
317.58	1.3562e+005
318	1.356e+005
318.42	1.3558e+005
318.85	1.3557e+005
319.27	1.3555e+005
319.69	1.3553e+005
320.12	1.3551e+005
320.54	1.355e+005
320.96	1.3548e+005
321.38	1.3547e+005
321.81	1.3545e+005
322.23	1.3543e+005
322.65	1.3542e+005
323.07	1.354e+005
323.5	1.3539e+005
323.92	1.3537e+005
324.34	1.3536e+005
324.77	1.3534e+005
325.19	1.3533e+005
325.61	1.3531e+005
326.03	1.353e+005
326.46	1.3528e+005
326.88	1.3527e+005
327.3	1.3526e+005
327.72	1.3524e+005
328.15	1.3523e+005
328.57	1.3522e+005
328.99	1.352e+005
329.42	1.3519e+005
329.84	1.3518e+005
330.26	1.3517e+005
330.68	1.3516e+005
331.11	1.3514e+005
331.53	1.3513e+005
331.95	1.3512e+005
332.38	1.3511e+005
332.8	1.351e+005
333.22	1.3509e+005
333.64	1.3508e+005
334.07	1.3507e+005
334.49	1.3506e+005
334.91	1.3506e+005
335.33	1.3505e+005
335.76	1.3505e+005
336.18	1.3504e+005
336.6	1.3504e+005
337.03	1.3504e+005
337.45	1.3503e+005
337.87	1.3503e+005
338.29	1.3503e+005
338.72	1.3503e+005
339.14	1.3503e+005
339.56	1.3503e+005
339.99	1.3504e+005
340.41	1.3504e+005
340.83	1.3505e+005
341.25	1.3505e+005
341.68	1.3506e+005
342.1	1.3507e+005
342.52	1.3508e+005
342.94	1.3509e+005
343.37	1.351e+005
343.79	1.3511e+005
344.21	1.3512e+005
344.64	1.3514e+005
345.06	1.3515e+005
345.48	1.3517e+005
345.9	1.3518e+005
346.33	1.352e+005
346.75	1.3522e+005
347.17	1.3523e+005
347.59	1.3525e+005
348.02	1.3527e+005
348.44	1.3529e+005
348.86	1.3531e+005
349.29	1.3533e+005
349.71	1.3535e+005
350.13	1.3537e+005
350.55	1.3539e+005
350.98	1.3541e+005
351.4	1.3543e+005
351.82	1.3545e+005
352.25	1.3547e+005
352.67	1.3549e+005
353.09	1.3552e+005
353.51	1.3554e+005
353.94	1.3556e+005
354.36	1.3559e+005
354.78	1.3561e+005
355.2	1.3563e+005
355.63	1.3566e+005
356.05	1.3568e+005
356.47	1.357e+005
356.9	1.3573e+005
357.32	1.3575e+005
357.74	1.3577e+005
358.16	1.358e+005
358.59	1.3582e+005
359.01	1.3584e+005
359.43	1.3587e+005
359.85	1.3589e+005
360.28	1.3592e+005
360.7	1.3594e+005
361.12	1.3597e+005
361.55	1.3599e+005
361.97	1.3602e+005
362.39	1.3604e+005
362.81	1.3606e+005
363.24	1.3609e+005
363.66	1.3611e+005
364.08	1.3614e+005
364.51	1.3616e+005
364.93	1.3619e+005
365.35	1.3622e+005
365.77	1.3624e+005
366.2	1.3627e+005
366.62	1.363e+005
367.04	1.3632e+005
367.46	1.3635e+005
367.89	1.3638e+005
368.31	1.3641e+005
368.73	1.3644e+005
369.16	1.3647e+005
369.58	1.365e+005
370	1.3654e+005
370.42	1.3657e+005
370.85	1.366e+005
371.27	1.3664e+005
371.69	1.3667e+005
372.11	1.3671e+005
372.54	1.3675e+005
372.96	1.3678e+005
373.38	1.3682e+005
373.81	1.3686e+005
374.23	1.369e+005
374.65	1.3694e+005
375.07	1.3698e+005
375.5	1.3703e+005
375.92	1.3707e+005
376.34	1.3712e+005
376.77	1.3716e+005
377.19	1.3721e+005
377.61	1.3726e+005
378.03	1.373e+005
378.46	1.3735e+005
378.88	1.374e+005
379.3	1.3745e+005
379.72	1.375e+005
380.15	1.3755e+005
380.57	1.3761e+005
380.99	1.3766e+005
381.42	1.3772e+005
381.84	1.3778e+005
382.26	1.3783e+005
382.68	1.3789e+005
383.11	1.3796e+005
383.53	1.3802e+005
383.95	1.3808e+005
384.37	1.3815e+005
384.8	1.3821e+005
385.22	1.3828e+005
385.64	1.3835e+005
386.07	1.3843e+005
386.49	1.385e+005
386.91	1.3858e+005
387.33	1.3866e+005
387.76	1.3874e+005
388.18	1.3882e+005
388.6	1.3891e+005
389.03	1.3899e+005
389.45	1.3909e+005
389.87	1.3918e+005
390.29	1.3928e+005
390.72	1.3938e+005
391.14	1.3948e+005
391.56	1.3959e+005
391.98	1.397e+005
392.41	1.3982e+005
392.83	1.3994e+005
393.25	1.4006e+005
393.68	1.4019e+005
394.1	1.4032e+005
394.52	1.4046e+005
394.94	1.406e+005
395.37	1.4075e+005
395.79	1.409e+005
396.21	1.4106e+005
396.64	1.4123e+005
397.06	1.414e+005
397.48	1.4157e+005
397.9	1.4176e+005
398.33	1.4195e+005
398.75	1.4214e+005
399.17	1.4234e+005
399.59	1.4255e+005
400.02	1.4277e+005
400.44	1.43e+005
400.86	1.4323e+005
401.29	1.4347e+005
401.71	1.4372e+005
402.13	1.4398e+005
402.55	1.4424e+005
402.98	1.4452e+005
403.4	1.448e+005
403.82	1.4509e+005
404.24	1.4538e+005
404.67	1.4569e+005
405.09	1.4601e+005
405.51	1.4633e+005
405.94	1.4666e+005
406.36	1.47e+005
406.78	1.4735e+005
407.2	1.4771e+005
407.63	1.4807e+005
408.05	1.4845e+005
408.47	1.4883e+005
408.9	1.4922e+005
409.32	1.4962e+005
409.74	1.5003e+005
410.16	1.5045e+005
410.59	1.5087e+005
411.01	1.5131e+005
411.43	1.5175e+005
411.85	1.522e+005
412.28	1.5266e+005
412.7	1.5312e+005
413.12	1.536e+005
413.55	1.5407e+005
413.97	1.5456e+005
414.39	1.5506e+005
414.81	1.5556e+005
415.24	1.5607e+005
415.66	1.5659e+005
416.08	1.5711e+005
416.5	1.5764e+005
416.93	1.5818e+005
417.35	1.5873e+005
417.77	1.5928e+005
418.2	1.5984e+005
418.62	1.6041e+005
419.04	1.6098e+005
419.46	1.6156e+005
419.89	1.6215e+005
420.31	1.6275e+005
420.73	1.6335e+005
421.16	1.6395e+005
421.58	1.6457e+005
422	1.6519e+005
422.42	1.6581e+005
422.85	1.6645e+005
423.27	1.6709e+005
423.69	1.6774e+005
424.11	1.6839e+005
424.54	1.6905e+005
424.96	1.6972e+005
425.38	1.704e+005
425.81	1.7108e+005
426.23	1.7177e+005
426.65	1.7247e+005
427.07	1.7317e+005
427.5	1.7388e+005
427.92	1.746e+005
428.34	1.7532e+005
428.76	1.7605e+005
429.19	1.7679e+005
429.61	1.7754e+005
430.03	1.7829e+005
430.46	1.7905e+005
430.88	1.7982e+005
431.3	1.8059e+005
431.72	1.8137e+005
432.15	1.8216e+005
432.57	1.8296e+005
432.99	1.8377e+005
433.42	1.8458e+005
433.84	1.854e+005
434.26	1.8623e+005
434.68	1.8706e+005
435.11	1.879e+005
435.53	1.8875e+005
435.95	1.896e+005
436.37	1.9046e+005
436.8	1.9133e+005
437.22	1.922e+005
437.64	1.9308e+005
438.07	1.9397e+005
438.49	1.9487e+005
438.91	1.9577e+005
439.33	1.9667e+005
439.76	1.9758e+005
440.18	1.9851e+005
440.6	1.9943e+005
441.02	2.0036e+005
441.45	2.013e+005
441.87	2.0225e+005
442.29	2.032e+005
442.72	2.0416e+005
443.14	2.0512e+005
443.56	2.0609e+005
443.98	2.0707e+005
444.41	2.0805e+005
444.83	2.0903e+005
445.25	2.1003e+005
445.68	2.1103e+005
446.1	2.1203e+005
446.52	2.1304e+005
446.94	2.1406e+005
447.37	2.1509e+005
447.79	2.1612e+005
448.21	2.1716e+005
448.63	2.1821e+005
449.06	2.1926e+005
449.48	2.2032e+005
449.9	2.2139e+005
450.33	2.2246e+005
450.75	2.2355e+005
451.17	2.2464e+005
451.59	2.2573e+005
452.02	2.2684e+005
452.44	2.2795e+005
452.86	2.2907e+005
453.29	2.3019e+005
453.71	2.3132e+005
454.13	2.3246e+005
454.55	2.3361e+005
454.98	2.3477e+005
455.4	2.3593e+005
455.82	2.371e+005
456.24	2.3828e+005
456.67	2.3947e+005
457.09	2.4066e+005
457.51	2.4186e+005
457.94	2.4307e+005
458.36	2.4428e+005
458.78	2.455e+005
459.2	2.4673e+005
459.63	2.4796e+005
460.05	2.492e+005
460.47	2.5044e+005
460.89	2.5169e+005
461.32	2.5295e+005
461.74	2.5421e+005
462.16	2.5547e+005
462.59	2.5674e+005
463.01	2.5802e+005
463.43	2.593e+005
463.85	2.6059e+005
464.28	2.6188e+005
464.7	2.6318e+005
465.12	2.6448e+005
465.55	2.6578e+005
465.97	2.6709e+005
466.39	2.6841e+005
466.81	2.6972e+005
467.24	2.7104e+005
467.66	2.7236e+005
468.08	2.7368e+005
468.5	2.75e+005
468.93	2.7633e+005
469.35	2.7765e+005
469.77	2.7898e+005
470.2	2.803e+005
470.62	2.8164e+005
471.04	2.8297e+005
471.46	2.843e+005
471.89	2.8564e+005
472.31	2.8697e+005
472.73	2.8831e+005
473.15	2.8965e+005
473.58	2.9099e+005
474	2.9233e+005
474.42	2.9367e+005
474.85	2.9501e+005
475.27	2.9635e+005
475.69	2.9769e+005
476.11	2.9903e+005
476.54	3.0036e+005
476.96	3.0171e+005
477.38	3.0305e+005
477.81	3.0439e+005
478.23	3.0573e+005
478.65	3.0707e+005
479.07	3.0841e+005
479.5	3.0976e+005
479.92	3.1111e+005
480.34	3.1246e+005
480.76	3.1381e+005
481.19	3.1517e+005
481.61	3.1652e+005
482.03	3.1788e+005
482.46	3.1924e+005
482.88	3.206e+005
483.3	3.2196e+005
483.72	3.2333e+005
484.15	3.2469e+005
484.57	3.2607e+005
484.99	3.2744e+005
485.41	3.2882e+005
485.84	3.302e+005
486.26	3.3159e+005
486.68	3.3297e+005
487.11	3.3436e+005
487.53	3.3576e+005
487.95	3.3715e+005
488.37	3.3855e+005
488.8	3.3995e+005
489.22	3.4136e+005
489.64	3.4276e+005
490.07	3.4417e+005
490.49	3.4559e+005
490.91	3.47e+005
491.33	3.4842e+005
491.76	3.4984e+005
492.18	3.5126e+005
492.6	3.5268e+005
493.02	3.541e+005
493.45	3.5553e+005
493.87	3.5696e+005
494.29	3.5839e+005
494.72	3.5982e+005
495.14	3.6125e+005
495.56	3.6269e+005
495.98	3.6412e+005
496.41	3.6556e+005
496.83	3.6699e+005
497.25	3.6842e+005
497.67	3.6986e+005
498.1	3.7129e+005
498.52	3.7273e+005
498.94	3.7416e+005
499.37	3.756e+005
499.79	3.7703e+005
500.21	3.7847e+005
500.63	3.799e+005
501.06	3.8133e+005
501.48	3.8276e+005
501.9	3.842e+005
502.33	3.8563e+005
502.75	3.8706e+005
503.17	3.8849e+005
503.59	3.8992e+005
504.02	3.9135e+005
504.44	3.9278e+005
504.86	3.9421e+005
505.28	3.9564e+005
505.71	3.9707e+005
506.13	3.9849e+005
506.55	3.9991e+005
506.98	4.0133e+005
507.4	4.0275e+005
507.82	4.0417e+005
508.24	4.0559e+005
508.67	4.07e+005
509.09	4.0841e+005
509.51	4.0982e+005
509.94	4.1123e+005
510.36	4.1263e+005
510.78	4.1404e+005
511.2	4.1544e+005
511.63	4.1683e+005
512.05	4.1823e+005
512.47	4.1962e+005
512.89	4.2101e+005
513.32	4.2239e+005
513.74	4.2377e+005
514.16	4.2515e+005
514.59	4.2652e+005
515.01	4.2789e+005
515.43	4.2925e+005
515.85	4.3061e+005
516.28	4.3197e+005
516.7	4.3332e+005
517.12	4.3466e+005
517.54	4.36e+005
517.97	4.3734e+005
518.39	4.3868e+005
518.81	4.4001e+005
519.24	4.4134e+005
519.66	4.4267e+005
520.08	4.4399e+005
520.5	4.453e+005
520.93	4.4661e+005
521.35	4.4792e+005
521.77	4.4922e+005
522.2	4.5053e+005
522.62	4.5182e+005
523.04	4.5311e+005
523.46	4.544e+005
523.89	4.5568e+005
524.31	4.5696e+005
524.73	4.5823e+005
525.15	4.5949e+005
525.58	4.6075e+005
526	4.6201e+005
526.42	4.6326e+005
526.85	4.6451e+005
527.27	4.6576e+005
527.69	4.67e+005
528.11	4.6823e+005
528.54	4.6946e+005
528.96	4.7068e+005
529.38	4.719e+005
529.8	4.7311e+005
530.23	4.7432e+005
530.65	4.7552e+005
531.07	4.7671e+005
531.5	4.7789e+005
531.92	4.7907e+005
532.34	4.8025e+005
532.76	4.8141e+005
533.19	4.8258e+005
533.61	4.8374e+005
534.03	4.849e+005
534.46	4.8605e+005
534.88	4.8719e+005
535.3	4.8833e+005
535.72	4.8946e+005
536.15	4.9059e+005
536.57	4.9172e+005
536.99	4.9284e+005
537.41	4.9396e+005
537.84	4.9507e+005
538.26	4.9618e+005
538.68	4.9729e+005
539.11	4.9838e+005
539.53	4.9948e+005
539.95	5.0057e+005
540.37	5.0165e+005
540.8	5.0273e+005
541.22	5.0381e+005
541.64	5.0488e+005
542.06	5.0594e+005
542.49	5.07e+005
542.91	5.0806e+005
543.33	5.0911e+005
543.76	5.1016e+005
544.18	5.112e+005
544.6	5.1224e+005
545.02	5.1327e+005
545.45	5.1429e+005
545.87	5.153e+005
546.29	5.1631e+005
546.72	5.1731e+005
547.14	5.183e+005
547.56	5.1929e+005
547.98	5.2026e+005
548.41	5.2123e+005
548.83	5.2218e+005
549.25	5.2312e+005
549.67	5.2406e+005
550.1	5.2498e+005
550.52	5.2589e+005
550.94	5.268e+005
551.37	5.2769e+005
551.79	5.2858e+005
552.21	5.2945e+005
552.63	5.3031e+005
553.06	5.3116e+005
553.48	5.32e+005
553.9	5.3283e+005
554.32	5.3365e+005
554.75	5.3445e+005
555.17	5.3525e+005
555.59	5.3604e+005
556.02	5.3682e+005
556.44	5.3758e+005
556.86	5.3834e+005
557.28	5.3908e+005
557.71	5.3981e+005
558.13	5.4053e+005
558.55	5.4124e+005
558.98	5.4194e+005
559.4	5.4263e+005
559.82	5.4331e+005
560.24	5.4398e+005
560.67	5.4464e+005
561.09	5.453e+005
561.51	5.4594e+005
561.93	5.4658e+005
562.36	5.4721e+005
562.78	5.4782e+005
563.2	5.4843e+005
563.63	5.4903e+005
564.05	5.4962e+005
564.47	5.502e+005
564.89	5.5077e+005
565.32	5.5133e+005
565.74	5.5189e+005
566.16	5.5244e+005
566.59	5.5298e+005
567.01	5.5351e+005
567.43	5.5403e+005
567.85	5.5454e+005
568.28	5.5504e+005
568.7	5.5553e+005
569.12	5.5602e+005
569.54	5.5649e+005
569.97	5.5697e+005
570.39	5.5743e+005
570.81	5.579e+005
571.24	5.5835e+005
571.66	5.588e+005
572.08	5.5925e+005
572.5	5.5969e+005
572.93	5.6012e+005
573.35	5.6055e+005
573.77	5.6098e+005
574.19	5.614e+005
574.62	5.6181e+005
575.04	5.6223e+005
575.46	5.6264e+005
575.89	5.6305e+005
576.31	5.6346e+005
576.73	5.6387e+005
577.15	5.6428e+005
577.58	5.6468e+005
578	5.6508e+005
578.42	5.6549e+005
578.85	5.6589e+005
579.27	5.6629e+005
579.69	5.6668e+005
580.11	5.6709e+005
580.54	5.6749e+005
580.96	5.6789e+005
581.38	5.683e+005
581.8	5.687e+005
582.23	5.6911e+005
582.65	5.6952e+005
583.07	5.6992e+005
583.5	5.7033e+005
583.92	5.7074e+005
584.34	5.7115e+005
584.76	5.7155e+005
585.19	5.7196e+005
585.61	5.7237e+005
586.03	5.7279e+005
586.45	5.732e+005
586.88	5.7361e+005
587.3	5.7403e+005
587.72	5.7444e+005
588.15	5.7485e+005
588.57	5.7525e+005
588.99	5.7566e+005
589.41	5.7606e+005
589.84	5.7647e+005
590.26	5.7688e+005
590.68	5.7728e+005
591.11	5.7768e+005
591.53	5.7808e+005
591.95	5.7848e+005
592.37	5.7888e+005
592.8	5.7928e+005
593.22	5.7967e+005
593.64	5.8006e+005
594.06	5.8044e+005
594.49	5.8082e+005
594.91	5.812e+005
595.33	5.8157e+005
595.76	5.8194e+005
596.18	5.8231e+005
596.6	5.8268e+005
597.02	5.8304e+005
597.45	5.834e+005
597.87	5.8376e+005
598.29	5.8411e+005
598.71	5.8445e+005
599.14	5.8479e+005
599.56	5.8513e+005
599.98	5.8546e+005
600.41	5.8578e+005
600.83	5.861e+005
601.25	5.8641e+005
601.67	5.8672e+005
602.1	5.8703e+005
602.52	5.8733e+005
602.94	5.8762e+005
603.37	5.8791e+005
603.79	5.882e+005
604.21	5.8847e+005
604.63	5.8875e+005
605.06	5.8901e+005
605.48	5.8928e+005
605.9	5.8953e+005
606.32	5.8978e+005
606.75	5.9003e+005
607.17	5.9026e+005
607.59	5.905e+005
608.02	5.9072e+005
608.44	5.9094e+005
608.86	5.9115e+005
609.28	5.9135e+005
609.71	5.9155e+005
610.13	5.9173e+005
610.55	5.9192e+005
610.97	5.9209e+005
611.4	5.9226e+005
611.82	5.9242e+005
612.24	5.9257e+005
612.67	5.9272e+005
613.09	5.9287e+005
613.51	5.93e+005
613.93	5.9314e+005
614.36	5.9326e+005
614.78	5.9338e+005
615.2	5.9349e+005
615.63	5.9359e+005
616.05	5.9369e+005
616.47	5.9378e+005
616.89	5.9387e+005
617.32	5.9395e+005
617.74	5.9402e+005
618.16	5.941e+005
618.58	5.9416e+005
619.01	5.9423e+005
619.43	5.9429e+005
619.85	5.9434e+005
620.28	5.9438e+005
620.7	5.9442e+005
621.12	5.9446e+005
621.54	5.9449e+005
621.97	5.9452e+005
622.39	5.9454e+005
622.81	5.9456e+005
623.24	5.9458e+005
623.66	5.946e+005
624.08	5.9461e+005
624.5	5.9463e+005
624.93	5.9463e+005
625.35	5.9464e+005
625.77	5.9465e+005
626.19	5.9465e+005
626.62	5.9465e+005
627.04	5.9464e+005
627.46	5.9464e+005
627.89	5.9463e+005
628.31	5.9461e+005
628.73	5.946e+005
629.15	5.9458e+005
629.58	5.9456e+005
630	5.9453e+005
630.42	5.9451e+005
630.84	5.9447e+005
631.27	5.9444e+005
631.69	5.9441e+005
632.11	5.9438e+005
632.54	5.9435e+005
632.96	5.9433e+005
633.38	5.943e+005
633.8	5.9426e+005
634.23	5.9423e+005
634.65	5.942e+005
635.07	5.9416e+005
635.5	5.9412e+005
635.92	5.9408e+005
636.34	5.9404e+005
636.76	5.94e+005
637.19	5.9395e+005
637.61	5.939e+005
638.03	5.9386e+005
638.45	5.938e+005
638.88	5.9375e+005
639.3	5.937e+005
639.72	5.9365e+005
640.15	5.936e+005
640.57	5.9355e+005
640.99	5.935e+005
641.41	5.9346e+005
641.84	5.9341e+005
642.26	5.9336e+005
642.68	5.9332e+005
643.1	5.9328e+005
643.53	5.9323e+005
643.95	5.9319e+005
644.37	5.9314e+005
644.8	5.9309e+005
645.22	5.9304e+005
645.64	5.93e+005
646.06	5.9295e+005
646.49	5.9291e+005
646.91	5.9287e+005
647.33	5.9283e+005
647.76	5.9279e+005
648.18	5.9275e+005
648.6	5.9272e+005
649.02	5.9269e+005
649.45	5.9266e+005
649.87	5.9264e+005
650.29	5.9261e+005
650.71	5.9259e+005
651.14	5.9257e+005
651.56	5.9255e+005
651.98	5.9253e+005
652.41	5.9251e+005
652.83	5.9249e+005
653.25	5.9248e+005
653.67	5.9247e+005
654.1	5.9245e+005
654.52	5.9244e+005
654.94	5.9242e+005
655.36	5.9241e+005
655.79	5.9239e+005
656.21	5.9239e+005
656.63	5.9239e+005
657.06	5.9238e+005
657.48	5.9238e+005
657.9	5.9237e+005
658.32	5.9236e+005
658.75	5.9235e+005
659.17	5.9233e+005
659.59	5.9232e+005
660.02	5.923e+005
660.44	5.9228e+005
660.86	5.9226e+005
661.28	5.9224e+005
661.71	5.9221e+005
662.13	5.9217e+005
662.55	5.9214e+005
662.97	5.9211e+005
663.4	5.9207e+005
663.82	5.9204e+005
664.24	5.92e+005
664.67	5.9196e+005
665.09	5.9191e+005
665.51	5.9186e+005
665.93	5.9181e+005
666.36	5.9176e+005
666.78	5.9171e+005
667.2	5.9166e+005
667.62	5.916e+005
668.05	5.9154e+005
668.47	5.9147e+005
668.89	5.914e+005
669.32	5.9132e+005
669.74	5.9124e+005
670.16	5.9116e+005
670.58	5.9108e+005
671.01	5.91e+005
671.43	5.9092e+005
671.85	5.9084e+005
672.28	5.9075e+005
672.7	5.9067e+005
673.12	5.9059e+005
673.54	5.905e+005
673.97	5.9042e+005
674.39	5.9034e+005
674.81	5.9025e+005
675.23	5.9016e+005
675.66	5.9008e+005
676.08	5.8999e+005
676.5	5.8989e+005
676.93	5.8979e+005
677.35	5.8969e+005
677.77	5.8958e+005
678.19	5.8947e+005
678.62	5.8936e+005
679.04	5.8924e+005
679.46	5.8911e+005
679.89	5.8898e+005
680.31	5.8885e+005
680.73	5.8872e+005
681.15	5.8859e+005
681.58	5.8846e+005
682	5.8834e+005
682.42	5.8822e+005
682.84	5.8809e+005
683.27	5.8795e+005
683.69	5.878e+005
684.11	5.8765e+005
684.54	5.8749e+005
684.96	5.8733e+005
685.38	5.8717e+005
685.8	5.8701e+005
686.23	5.8685e+005
686.65	5.8668e+005
687.07	5.865e+005
687.49	5.8631e+005
687.92	5.8613e+005
688.34	5.8595e+005
688.76	5.8577e+005
689.19	5.8559e+005
689.61	5.8543e+005
690.03	5.8525e+005
690.45	5.8505e+005
690.88	5.8485e+005
691.3	5.8469e+005
691.72	5.8452e+005
692.15	5.843e+005
692.57	5.8402e+005
692.99	5.838e+005
693.41	5.8365e+005
693.84	5.8353e+005
694.26	5.8338e+005
694.68	5.8322e+005
695.1	5.8304e+005
695.53	5.8289e+005
695.95	5.8274e+005
696.37	5.826e+005
696.8	5.8245e+005
697.22	5.8228e+005
697.64	5.8211e+005
698.06	5.8194e+005
698.49	5.8178e+005
698.91	5.8162e+005
699.33	5.8146e+005
699.75	5.8129e+005
700.18	5.8112e+005
700.6	5.8095e+005
701.02	5.8078e+005
701.45	5.8059e+005
701.87	5.8039e+005
702.29	5.8021e+005
702.71	5.8003e+005
703.14	5.7986e+005
703.56	5.7965e+005
703.98	5.7944e+005
704.41	5.7928e+005
704.83	5.7918e+005
705.25	5.7902e+005
705.67	5.7878e+005
706.1	5.7851e+005
706.52	5.7824e+005
706.94	5.78e+005
707.36	5.7776e+005
707.79	5.7751e+005
708.21	5.7726e+005
708.63	5.77e+005
709.06	5.7675e+005
709.48	5.7651e+005
709.9	5.7627e+005
710.32	5.7602e+005
710.75	5.7577e+005
711.17	5.7552e+005
711.59	5.7527e+005
712.01	5.7502e+005
712.44	5.7476e+005
712.86	5.745e+005
713.28	5.7424e+005
713.71	5.7398e+005
714.13	5.7372e+005
714.55	5.7346e+005
714.97	5.732e+005
715.4	5.7294e+005
715.82	5.7267e+005
716.24	5.7241e+005
716.67	5.7216e+005
717.09	5.719e+005
717.51	5.7163e+005
717.93	5.7136e+005
718.36	5.7109e+005
718.78	5.7082e+005
719.2	5.7056e+005
719.62	5.7029e+005
720.05	5.7002e+005
720.47	5.6974e+005
720.89	5.6947e+005
721.32	5.6918e+005
721.74	5.689e+005
722.16	5.686e+005
722.58	5.6831e+005
723.01	5.6802e+005
723.43	5.6773e+005
723.85	5.6744e+005
724.27	5.6716e+005
724.7	5.6688e+005
725.12	5.666e+005
725.54	5.6632e+005
725.97	5.6605e+005
726.39	5.6577e+005
726.81	5.6549e+005
727.23	5.652e+005
727.66	5.6491e+005
728.08	5.6461e+005
728.5	5.6431e+005
728.93	5.6401e+005
729.35	5.6371e+005
729.77	5.6341e+005
730.19	5.631e+005
730.62	5.628e+005
731.04	5.625e+005
731.46	5.6219e+005
731.88	5.6187e+005
732.31	5.6156e+005
732.73	5.6125e+005
733.15	5.6094e+005
733.58	5.6063e+005
734	5.6032e+005
734.42	5.6001e+005
734.84	5.5969e+005
735.27	5.5937e+005
735.69	5.5905e+005
736.11	5.5872e+005
736.54	5.5839e+005
736.96	5.5806e+005
737.38	5.5772e+005
737.8	5.5738e+005
738.23	5.5704e+005
738.65	5.5669e+005
739.07	5.5634e+005
739.49	5.5599e+005
739.92	5.5564e+005
740.34	5.553e+005
740.76	5.5495e+005
741.19	5.546e+005
741.61	5.5424e+005
742.03	5.5388e+005
742.45	5.5351e+005
742.88	5.5314e+005
743.3	5.5276e+005
743.72	5.5238e+005
744.14	5.52e+005
744.57	5.5162e+005
744.99	5.5123e+005
745.41	5.5084e+005
745.84	5.5045e+005
746.26	5.5005e+005
746.68	5.4966e+005
747.1	5.4925e+005
747.53	5.4885e+005
747.95	5.4844e+005
748.37	5.4802e+005
748.8	5.476e+005
749.22	5.4717e+005
749.64	5.4673e+005
750.06	5.4629e+005
750.49	5.4585e+005
750.91	5.4541e+005
751.33	5.4496e+005
751.75	5.4452e+005
752.18	5.4407e+005
752.6	5.4363e+005
753.02	5.4318e+005
753.45	5.4273e+005
753.87	5.4228e+005
754.29	5.4183e+005
754.71	5.4138e+005
755.14	5.4093e+005
755.56	5.4048e+005
755.98	5.4003e+005
756.4	5.3957e+005
756.83	5.3912e+005
757.25	5.3865e+005
757.67	5.3819e+005
758.1	5.3773e+005
758.52	5.3727e+005
758.94	5.368e+005
759.36	5.3633e+005
759.79	5.3587e+005
760.21	5.3541e+005
760.63	5.3496e+005
761.06	5.3449e+005
761.48	5.3401e+005
761.9	5.3352e+005
762.32	5.3304e+005
762.75	5.3256e+005
763.17	5.3209e+005
763.59	5.3162e+005
764.01	5.3114e+005
764.44	5.3065e+005
764.86	5.3017e+005
765.28	5.2968e+005
765.71	5.2918e+005
766.13	5.2868e+005
766.55	5.2817e+005
766.97	5.2767e+005
767.4	5.2716e+005
767.82	5.2664e+005
768.24	5.2611e+005
768.66	5.2558e+005
769.09	5.2505e+005
769.51	5.2452e+005
769.93	5.24e+005
770.36	5.2348e+005
770.78	5.2296e+005
771.2	5.2243e+005
771.62	5.2189e+005
772.05	5.2134e+005
772.47	5.2077e+005
772.89	5.2022e+005
773.32	5.1969e+005
773.74	5.1917e+005
774.16	5.1866e+005
774.58	5.1816e+005
775.01	5.1768e+005
775.43	5.1717e+005
775.85	5.1663e+005
776.27	5.1602e+005
776.7	5.1541e+005
777.12	5.1485e+005
777.54	5.143e+005
777.97	5.1375e+005
778.39	5.132e+005
778.81	5.1268e+005
779.23	5.1218e+005
779.66	5.1165e+005
780.08	5.1107e+005
780.5	5.1053e+005
780.92	5.1007e+005
781.35	5.0953e+005
781.77	5.0888e+005
782.19	5.0786e+005
782.62	5.0646e+005
783.04	5.0702e+005
