216.96	2057
217.38	2008
217.81	2068
218.23	1991
218.65	2056
219.08	2352
219.5	2248
219.92	2319
220.34	2376
220.77	2704
221.19	2547
221.61	2794
222.03	3106
222.46	3097
222.88	3095
223.3	3500
223.73	3272
224.15	3547
224.57	3572
224.99	3623
225.42	3860
225.84	3849
226.26	4007
226.69	4383
227.11	4467
227.53	4453
227.95	4615
228.38	4751
228.8	4951
229.22	5028
229.64	5049
230.07	5260
230.49	5433
230.91	5586
231.34	5658
231.76	5829
232.18	6030
232.6	5818
233.03	5944
233.45	6139
233.87	6080
234.29	6301
234.72	6446
235.14	6571
235.56	6792
235.99	6550
236.41	6727
236.83	6989
237.25	7073
237.68	7274
238.1	7382
238.52	7263
238.95	7468
239.37	7502
239.79	7719
240.21	7543
240.64	7800
241.06	7876
241.48	7701
241.9	8063
242.33	7923
242.75	8101
243.17	7940
243.6	8231
244.02	8101
244.44	8349
244.86	8322
245.29	8403
245.71	8412
246.13	8495
246.55	8597
246.98	8622
247.4	8705
247.82	8835
248.25	8758
248.67	9040
249.09	8992
249.51	8953
249.94	8898
250.36	9044
250.78	8915
251.21	8989
251.63	9246
252.05	9098
252.47	9333
252.9	9609
253.32	9236
253.74	9503
254.16	9397
254.59	9394
255.01	9800
255.43	9888
255.86	9607
256.28	9664
256.7	9811
257.12	9627
257.55	9919
257.97	9873
258.39	10104
258.81	10172
259.24	10159
259.66	9975
260.08	10252
260.51	10154
260.93	9997
261.35	10163
261.77	10042
262.2	10055
262.62	10162
263.04	10022
263.47	10091
263.89	10283
264.31	10120
264.73	9807
265.16	9759
265.58	9900
266	9983
266.42	9723
266.85	9910
267.27	9977
267.69	9789
268.12	9693
268.54	9959
268.96	9728
269.38	9805
269.81	9909
270.23	9730
270.65	9790
271.07	9954
271.5	9774
271.92	9731
272.34	9782
272.77	9969
273.19	9622
273.61	9657
274.03	9624
274.46	9545
274.88	9586
275.3	9562
275.73	9425
276.15	9732
276.57	9561
276.99	9585
277.42	9716
277.84	9629
278.26	9791
278.68	9485
279.11	9436
279.53	9427
279.95	9589
280.38	9511
280.8	9398
281.22	9260
281.64	9209
282.07	9419
282.49	9217
282.91	9286
283.34	9251
283.76	9564
284.18	9198
284.6	9400
285.03	9512
285.45	9224
285.87	9293
286.29	9287
286.72	9093
287.14	9358
287.56	9176
287.99	9073
288.41	9210
288.83	9072
289.25	8974
289.68	9215
290.1	9096
290.52	8960
290.94	8953
291.37	8926
291.79	8955
292.21	9097
292.64	9023
293.06	8838
293.48	9135
293.9	8913
294.33	8989
294.75	9093
295.17	8940
295.6	8701
296.02	9007
296.44	9019
296.86	8784
297.29	9014
297.71	8865
298.13	8728
298.55	8759
298.98	8670
299.4	8860
299.82	8877
300.25	8882
300.67	8519
301.09	8864
301.51	8713
301.94	8597
302.36	8717
302.78	8871
303.2	8727
303.63	8615
304.05	8591
304.47	8596
304.9	8507
305.32	8499
305.74	8613
306.16	8569
306.59	8395
307.01	8450
307.43	8549
307.86	8636
308.28	8617
308.7	8234
309.12	8559
309.55	8283
309.97	8296
310.39	8227
310.81	8346
311.24	8171
311.66	8235
312.08	8218
312.51	8328
312.93	8102
313.35	8303
313.77	7972
314.2	8295
314.62	8350
315.04	8093
315.46	8332
315.89	8324
316.31	8103
316.73	8227
317.16	8082
317.58	7976
318	8302
318.42	7838
318.85	7926
319.27	8126
319.69	7770
320.12	7723
320.54	7832
320.96	8046
321.38	7915
321.81	7966
322.23	7905
322.65	7602
323.07	7805
323.5	7933
323.92	7788
324.34	7981
324.77	7521
325.19	7730
325.61	7884
326.03	7734
326.46	7726
326.88	7581
327.3	7671
327.72	7546
328.15	7737
328.57	7871
328.99	7690
329.42	7594
329.84	7758
330.26	7564
330.68	7675
331.11	7569
331.53	7419
331.95	7703
332.38	7660
332.8	7409
333.22	7482
333.64	7641
334.07	7430
334.49	7502
334.91	7415
335.33	7481
335.76	7359
336.18	7514
336.6	7410
337.03	7494
337.45	7636
337.87	7675
338.29	7379
338.72	7090
339.14	7534
339.56	7160
339.99	7493
340.41	7325
340.83	7326
341.25	7337
341.68	7599
342.1	7301
342.52	7243
342.94	7493
343.37	7215
343.79	7382
344.21	7519
344.64	7450
345.06	7840
345.48	7677
345.9	7517
346.33	7776
346.75	7689
347.17	7595
347.59	7963
348.02	7711
348.44	7750
348.86	7819
349.29	7805
349.71	7798
350.13	7983
350.55	7868
350.98	7729
351.4	7960
351.82	7914
352.25	7673
352.67	8030
353.09	7943
353.51	7683
353.94	7908
354.36	8186
354.78	8024
355.2	8301
355.63	8141
356.05	7952
356.47	8359
356.9	8176
357.32	8132
357.74	8404
358.16	8348
358.59	8420
359.01	8396
359.43	8223
359.85	8367
360.28	8376
360.7	8481
361.12	8439
361.55	8555
361.97	8494
362.39	8584
362.81	8635
363.24	8612
363.66	8689
364.08	8635
364.51	8673
364.93	8672
365.35	8551
365.77	8713
366.2	8643
366.62	8790
367.04	8876
367.46	8690
367.89	8736
368.31	8923
368.73	8889
369.16	8896
369.58	8797
370	9073
370.42	8800
370.85	8915
371.27	9098
371.69	9176
372.11	9104
372.54	9044
372.96	9083
373.38	9107
373.81	9286
374.23	9217
374.65	9504
375.07	9601
375.5	9434
375.92	9502
376.34	9618
376.77	9566
377.19	9868
377.61	9916
378.03	9746
378.46	9725
378.88	10136
379.3	10040
379.72	9999
380.15	9870
380.57	9810
380.99	10267
381.42	10154
381.84	10067
382.26	10460
382.68	10208
383.11	10209
383.53	10494
383.95	10461
384.37	10465
384.8	10636
385.22	10574
385.64	10478
386.07	10797
386.49	10870
386.91	10879
387.33	11046
387.76	11336
388.18	10988
388.6	11198
389.03	11260
389.45	11421
389.87	11616
390.29	11548
390.72	11873
391.14	11849
391.56	11660
391.98	11998
392.41	12144
392.83	12163
393.25	12539
393.68	12350
394.1	12284
394.52	12679
394.94	12763
395.37	13018
395.79	12997
396.21	13118
396.64	13314
397.06	13647
397.48	13479
397.9	13846
398.33	14217
398.75	14116
399.17	14075
399.59	14394
400.02	14650
400.44	14819
400.86	15242
401.29	15246
401.71	15631
402.13	15840
402.55	16143
402.98	16494
403.4	16802
403.82	17131
404.24	17226
404.67	17497
405.09	17758
405.51	18329
405.94	18666
406.36	18838
406.78	19229
407.2	19572
407.63	19807
408.05	20462
408.47	20861
408.9	21076
409.32	21586
409.74	21831
410.16	22514
410.59	22861
411.01	23205
411.43	23541
411.85	24118
412.28	24730
412.7	24890
413.12	26065
413.55	26024
413.97	26461
414.39	27214
414.81	27669
415.24	27743
415.66	28581
416.08	29233
416.5	29715
416.93	30234
417.35	30761
417.77	31332
418.2	32117
418.62	32273
419.04	32738
419.46	33872
419.89	34182
420.31	34833
420.73	35578
421.16	36103
421.58	36614
422	37532
422.42	37717
422.85	38258
423.27	39231
423.69	39876
424.11	40432
424.54	41037
424.96	41711
425.38	42154
425.81	43127
426.23	43776
426.65	44283
427.07	45257
427.5	46114
427.92	46534
428.34	47296
428.76	48012
429.19	48838
429.61	49795
430.03	50064
430.46	51254
430.88	51875
431.3	52473
431.72	53302
432.15	54003
432.57	54670
432.99	55370
433.42	56757
433.84	57497
434.26	58567
434.68	59036
435.11	60326
435.53	60674
435.95	61358
436.37	62101
436.8	63325
437.22	64460
437.64	65496
438.07	65837
438.49	66876
438.91	67814
439.33	68607
439.76	69360
440.18	70550
440.6	71603
441.02	72396
441.45	73396
441.87	74378
442.29	75443
442.72	76381
443.14	77533
443.56	78390
443.98	79350
444.41	80428
444.83	80751
445.25	82503
445.68	83268
446.1	84163
446.52	85037
446.94	85985
447.37	87004
447.79	88117
448.21	89454
448.63	90196
449.06	91353
449.48	92154
449.9	93501
450.33	94750
450.75	95270
451.17	96375
451.59	97820
452.02	98900
452.44	99401
452.86	1.013e+005
453.29	1.0218e+005
453.71	1.0302e+005
454.13	1.0444e+005
454.55	1.0584e+005
454.98	1.0681e+005
455.4	1.0778e+005
455.82	1.0904e+005
456.24	1.1018e+005
456.67	1.1141e+005
457.09	1.1279e+005
457.51	1.142e+005
457.94	1.1503e+005
458.36	1.1613e+005
458.78	1.1763e+005
459.2	1.1928e+005
459.63	1.199e+005
460.05	1.218e+005
460.47	1.2277e+005
460.89	1.2363e+005
461.32	1.253e+005
461.74	1.2644e+005
462.16	1.2698e+005
462.59	1.2943e+005
463.01	1.2993e+005
463.43	1.3129e+005
463.85	1.3313e+005
464.28	1.3363e+005
464.7	1.3507e+005
465.12	1.3661e+005
465.55	1.3749e+005
465.97	1.3959e+005
466.39	1.4051e+005
466.81	1.4237e+005
467.24	1.4357e+005
467.66	1.4557e+005
468.08	1.4607e+005
468.5	1.4762e+005
468.93	1.49e+005
469.35	1.5025e+005
469.77	1.511e+005
470.2	1.524e+005
470.62	1.5384e+005
471.04	1.5488e+005
471.46	1.5655e+005
471.89	1.5812e+005
472.31	1.5939e+005
472.73	1.6074e+005
473.15	1.6248e+005
473.58	1.6375e+005
474	1.6509e+005
474.42	1.6601e+005
474.85	1.678e+005
475.27	1.6951e+005
475.69	1.7036e+005
476.11	1.7213e+005
476.54	1.7276e+005
476.96	1.7407e+005
477.38	1.7576e+005
477.81	1.7693e+005
478.23	1.7808e+005
478.65	1.7945e+005
479.07	1.8033e+005
479.5	1.8265e+005
479.92	1.831e+005
480.34	1.8464e+005
480.76	1.8624e+005
481.19	1.8739e+005
481.61	1.8919e+005
482.03	1.8996e+005
482.46	1.9189e+005
482.88	1.9309e+005
483.3	1.9366e+005
483.72	1.9523e+005
484.15	1.9684e+005
484.57	1.9815e+005
484.99	1.9957e+005
485.41	2.0191e+005
485.84	2.0238e+005
486.26	2.0389e+005
486.68	2.0565e+005
487.11	2.0667e+005
487.53	2.0826e+005
487.95	2.0962e+005
488.37	2.1097e+005
488.8	2.1262e+005
489.22	2.1373e+005
489.64	2.1443e+005
490.07	2.1674e+005
490.49	2.1804e+005
490.91	2.1964e+005
491.33	2.2073e+005
491.76	2.2206e+005
492.18	2.2315e+005
492.6	2.2528e+005
493.02	2.2643e+005
493.45	2.2697e+005
493.87	2.2888e+005
494.29	2.3045e+005
494.72	2.3335e+005
495.14	2.3403e+005
495.56	2.3495e+005
495.98	2.367e+005
496.41	2.3788e+005
496.83	2.4024e+005
497.25	2.404e+005
497.67	2.429e+005
498.1	2.4418e+005
498.52	2.455e+005
498.94	2.4645e+005
499.37	2.4845e+005
499.79	2.5019e+005
500.21	2.5139e+005
500.63	2.5274e+005
501.06	2.5368e+005
501.48	2.5498e+005
501.9	2.5669e+005
502.33	2.583e+005
502.75	2.5979e+005
503.17	2.6123e+005
503.59	2.6271e+005
504.02	2.6304e+005
504.44	2.647e+005
504.86	2.6711e+005
505.28	2.6747e+005
505.71	2.697e+005
506.13	2.7118e+005
506.55	2.7267e+005
506.98	2.7391e+005
507.4	2.756e+005
507.82	2.7685e+005
508.24	2.7831e+005
508.67	2.7947e+005
509.09	2.8032e+005
509.51	2.8289e+005
509.94	2.8391e+005
510.36	2.8573e+005
510.78	2.8697e+005
511.2	2.8814e+005
511.63	2.8965e+005
512.05	2.9134e+005
512.47	2.9197e+005
512.89	2.9427e+005
513.32	2.9519e+005
513.74	2.9681e+005
514.16	2.9815e+005
514.59	2.9943e+005
515.01	3.0074e+005
515.43	3.0281e+005
515.85	3.0367e+005
516.28	3.0484e+005
516.7	3.0617e+005
517.12	3.0737e+005
517.54	3.0896e+005
517.97	3.0994e+005
518.39	3.1135e+005
518.81	3.1306e+005
519.24	3.1379e+005
519.66	3.1614e+005
520.08	3.1641e+005
520.5	3.1793e+005
520.93	3.1931e+005
521.35	3.2008e+005
521.77	3.2149e+005
522.2	3.2313e+005
522.62	3.2526e+005
523.04	3.2656e+005
523.46	3.2762e+005
523.89	3.2815e+005
524.31	3.2978e+005
524.73	3.3132e+005
525.15	3.3216e+005
525.58	3.3307e+005
526	3.3445e+005
526.42	3.3623e+005
526.85	3.3717e+005
527.27	3.3898e+005
527.69	3.3951e+005
528.11	3.4134e+005
528.54	3.4276e+005
528.96	3.4417e+005
529.38	3.447e+005
529.8	3.465e+005
530.23	3.4792e+005
530.65	3.4918e+005
531.07	3.4941e+005
531.5	3.5102e+005
531.92	3.5194e+005
532.34	3.5304e+005
532.76	3.539e+005
533.19	3.5496e+005
533.61	3.5711e+005
534.03	3.5766e+005
534.46	3.5921e+005
534.88	3.6056e+005
535.3	3.6108e+005
535.72	3.6252e+005
536.15	3.6339e+005
536.57	3.6435e+005
536.99	3.6512e+005
537.41	3.6614e+005
537.84	3.6788e+005
538.26	3.6919e+005
538.68	3.7065e+005
539.11	3.7102e+005
539.53	3.7239e+005
539.95	3.7319e+005
540.37	3.7469e+005
540.8	3.7512e+005
541.22	3.7669e+005
541.64	3.7802e+005
542.06	3.7873e+005
542.49	3.8043e+005
542.91	3.7985e+005
543.33	3.8169e+005
543.76	3.8233e+005
544.18	3.8408e+005
544.6	3.8558e+005
545.02	3.8654e+005
545.45	3.8752e+005
545.87	3.8835e+005
546.29	3.8884e+005
546.72	3.8991e+005
547.14	3.915e+005
547.56	3.9268e+005
547.98	3.9453e+005
548.41	3.946e+005
548.83	3.9596e+005
549.25	3.9604e+005
549.67	3.971e+005
550.1	3.9838e+005
550.52	3.9911e+005
550.94	3.9979e+005
551.37	4.0146e+005
551.79	4.0208e+005
552.21	4.0284e+005
552.63	4.0337e+005
553.06	4.0453e+005
553.48	4.0489e+005
553.9	4.068e+005
554.32	4.0678e+005
554.75	4.0802e+005
555.17	4.0885e+005
555.59	4.0946e+005
556.02	4.1027e+005
556.44	4.1144e+005
556.86	4.1125e+005
557.28	4.1308e+005
557.71	4.1256e+005
558.13	4.1447e+005
558.55	4.1495e+005
558.98	4.147e+005
559.4	4.1498e+005
559.82	4.1625e+005
560.24	4.1674e+005
560.67	4.173e+005
561.09	4.1857e+005
561.51	4.1931e+005
561.93	4.1927e+005
562.36	4.2042e+005
562.78	4.2144e+005
563.2	4.2153e+005
563.63	4.2201e+005
564.05	4.2248e+005
564.47	4.238e+005
564.89	4.2386e+005
565.32	4.2393e+005
565.74	4.2464e+005
566.16	4.2579e+005
566.59	4.2696e+005
567.01	4.2714e+005
567.43	4.2816e+005
567.85	4.2835e+005
568.28	4.2908e+005
568.7	4.2817e+005
569.12	4.2942e+005
569.54	4.2968e+005
569.97	4.2978e+005
570.39	4.2939e+005
570.81	4.314e+005
571.24	4.3105e+005
571.66	4.3145e+005
572.08	4.3178e+005
572.5	4.3279e+005
572.93	4.3293e+005
573.35	4.3351e+005
573.77	4.3401e+005
574.19	4.3396e+005
574.62	4.3418e+005
575.04	4.3531e+005
575.46	4.3477e+005
575.89	4.36e+005
576.31	4.361e+005
576.73	4.3722e+005
577.15	4.3687e+005
577.58	4.3663e+005
578	4.3835e+005
578.42	4.3775e+005
578.85	4.3838e+005
579.27	4.391e+005
579.69	4.3836e+005
580.11	4.3971e+005
580.54	4.3974e+005
580.96	4.4041e+005
581.38	4.4121e+005
581.8	4.4123e+005
582.23	4.4159e+005
582.65	4.4195e+005
583.07	4.4189e+005
583.5	4.4262e+005
583.92	4.4289e+005
584.34	4.4346e+005
584.76	4.436e+005
585.19	4.4384e+005
585.61	4.4494e+005
586.03	4.4509e+005
586.45	4.4513e+005
586.88	4.4677e+005
587.3	4.4741e+005
587.72	4.4782e+005
588.15	4.486e+005
588.57	4.4778e+005
588.99	4.4897e+005
589.41	4.4723e+005
589.84	4.4899e+005
590.26	4.5016e+005
590.68	4.4899e+005
591.11	4.501e+005
591.53	4.5055e+005
591.95	4.5067e+005
592.37	4.5221e+005
592.8	4.5197e+005
593.22	4.5259e+005
593.64	4.5337e+005
594.06	4.532e+005
594.49	4.539e+005
594.91	4.5437e+005
595.33	4.5392e+005
595.76	4.5418e+005
596.18	4.5494e+005
596.6	4.5442e+005
597.02	4.5548e+005
597.45	4.5649e+005
597.87	4.5722e+005
598.29	4.5756e+005
598.71	4.5789e+005
599.14	4.5713e+005
599.56	4.5928e+005
599.98	4.5905e+005
600.41	4.5928e+005
600.83	4.5837e+005
601.25	4.5918e+005
601.67	4.5973e+005
602.1	4.5952e+005
602.52	4.6034e+005
602.94	4.6067e+005
603.37	4.6012e+005
603.79	4.6131e+005
604.21	4.6057e+005
604.63	4.622e+005
605.06	4.6193e+005
605.48	4.6173e+005
605.9	4.6195e+005
606.32	4.6322e+005
606.75	4.6257e+005
607.17	4.63e+005
607.59	4.631e+005
608.02	4.6442e+005
608.44	4.6456e+005
608.86	4.6404e+005
609.28	4.6417e+005
609.71	4.6446e+005
610.13	4.6482e+005
610.55	4.6566e+005
610.97	4.6564e+005
611.4	4.6596e+005
611.82	4.6478e+005
612.24	4.6535e+005
612.67	4.6602e+005
613.09	4.652e+005
613.51	4.6563e+005
613.93	4.6723e+005
614.36	4.6652e+005
614.78	4.6726e+005
615.2	4.6647e+005
615.63	4.6585e+005
616.05	4.6748e+005
616.47	4.6653e+005
616.89	4.6675e+005
617.32	4.6713e+005
617.74	4.6623e+005
618.16	4.6569e+005
618.58	4.6718e+005
619.01	4.6699e+005
619.43	4.6664e+005
619.85	4.675e+005
620.28	4.6766e+005
620.7	4.668e+005
621.12	4.676e+005
621.54	4.6732e+005
621.97	4.6701e+005
622.39	4.6752e+005
622.81	4.6697e+005
623.24	4.6806e+005
623.66	4.6676e+005
624.08	4.6774e+005
624.5	4.6726e+005
624.93	4.6677e+005
625.35	4.6732e+005
625.77	4.6802e+005
626.19	4.677e+005
626.62	4.6815e+005
627.04	4.6782e+005
627.46	4.6774e+005
627.89	4.67e+005
628.31	4.6742e+005
628.73	4.6774e+005
629.15	4.6729e+005
629.58	4.6723e+005
630	4.6739e+005
630.42	4.6745e+005
630.84	4.665e+005
631.27	4.6601e+005
631.69	4.6556e+005
632.11	4.6556e+005
632.54	4.6627e+005
632.96	4.6818e+005
633.38	4.6648e+005
633.8	4.6734e+005
634.23	4.6642e+005
634.65	4.6671e+005
635.07	4.6767e+005
635.5	4.672e+005
635.92	4.6678e+005
636.34	4.677e+005
636.76	4.666e+005
637.19	4.664e+005
637.61	4.6667e+005
638.03	4.6742e+005
638.45	4.6656e+005
638.88	4.6675e+005
639.3	4.6682e+005
639.72	4.6483e+005
640.15	4.6622e+005
640.57	4.6663e+005
640.99	4.6566e+005
641.41	4.6603e+005
641.84	4.6505e+005
642.26	4.6533e+005
642.68	4.65e+005
643.1	4.6561e+005
643.53	4.6608e+005
643.95	4.6534e+005
644.37	4.6608e+005
644.8	4.6653e+005
645.22	4.6527e+005
645.64	4.6523e+005
646.06	4.6635e+005
646.49	4.6465e+005
646.91	4.6526e+005
647.33	4.6626e+005
647.76	4.6487e+005
648.18	4.6526e+005
648.6	4.644e+005
649.02	4.6567e+005
649.45	4.6507e+005
649.87	4.6542e+005
650.29	4.649e+005
650.71	4.6514e+005
651.14	4.6584e+005
651.56	4.6528e+005
651.98	4.6448e+005
652.41	4.6446e+005
652.83	4.6513e+005
653.25	4.6438e+005
653.67	4.6484e+005
654.1	4.6542e+005
654.52	4.6575e+005
654.94	4.6367e+005
655.36	4.6368e+005
655.79	4.636e+005
656.21	4.6346e+005
656.63	4.6565e+005
657.06	4.6553e+005
657.48	4.6631e+005
657.9	4.6524e+005
658.32	4.6581e+005
658.75	4.6487e+005
659.17	4.6494e+005
659.59	4.6472e+005
660.02	4.655e+005
660.44	4.6535e+005
660.86	4.6515e+005
661.28	4.66e+005
661.71	4.6497e+005
662.13	4.6395e+005
662.55	4.6526e+005
662.97	4.6453e+005
663.4	4.6369e+005
663.82	4.6515e+005
664.24	4.6582e+005
664.67	4.6484e+005
665.09	4.6472e+005
665.51	4.6484e+005
665.93	4.6452e+005
666.36	4.6319e+005
666.78	4.6437e+005
667.2	4.6396e+005
667.62	4.6435e+005
668.05	4.6564e+005
668.47	4.6563e+005
668.89	4.6407e+005
669.32	4.639e+005
669.74	4.6398e+005
670.16	4.6287e+005
670.58	4.6309e+005
671.01	4.6326e+005
671.43	4.6441e+005
671.85	4.6333e+005
672.28	4.6274e+005
672.7	4.6312e+005
673.12	4.6236e+005
673.54	4.6252e+005
673.97	4.6408e+005
674.39	4.6338e+005
674.81	4.6268e+005
675.23	4.6188e+005
675.66	4.612e+005
676.08	4.6377e+005
676.5	4.6303e+005
676.93	4.6218e+005
677.35	4.6343e+005
677.77	4.6331e+005
678.19	4.6283e+005
678.62	4.628e+005
679.04	4.6119e+005
679.46	4.6154e+005
679.89	4.608e+005
680.31	4.6217e+005
680.73	4.6163e+005
681.15	4.6023e+005
681.58	4.6076e+005
682	4.6093e+005
682.42	4.6023e+005
682.84	4.6072e+005
683.27	4.6238e+005
683.69	4.6243e+005
684.11	4.6103e+005
684.54	4.6044e+005
684.96	4.5968e+005
685.38	4.5989e+005
685.8	4.6022e+005
686.23	4.6107e+005
686.65	4.6148e+005
687.07	4.6031e+005
687.49	4.5847e+005
687.92	4.5733e+005
688.34	4.5592e+005
688.76	4.5627e+005
689.19	4.5812e+005
689.61	4.5956e+005
690.03	4.5888e+005
690.45	4.5731e+005
690.88	4.561e+005
691.3	4.5516e+005
691.72	4.5335e+005
692.15	4.5624e+005
692.57	4.598e+005
692.99	4.6037e+005
693.41	4.5879e+005
693.84	4.585e+005
694.26	4.5668e+005
694.68	4.531e+005
695.1	4.5174e+005
695.53	4.53e+005
695.95	4.546e+005
696.37	4.5591e+005
696.8	4.5821e+005
697.22	4.5742e+005
697.64	4.5497e+005
698.06	4.5288e+005
698.49	4.5104e+005
698.91	4.5268e+005
699.33	4.5457e+005
699.75	4.5682e+005
700.18	4.571e+005
700.6	4.5694e+005
701.02	4.5407e+005
701.45	4.5178e+005
701.87	4.514e+005
702.29	4.5054e+005
702.71	4.5081e+005
703.14	4.5273e+005
703.56	4.5433e+005
703.98	4.556e+005
704.41	4.5431e+005
704.83	4.5363e+005
705.25	4.5236e+005
705.67	4.505e+005
706.1	4.4931e+005
706.52	4.4871e+005
706.94	4.494e+005
707.36	4.4798e+005
707.79	4.491e+005
708.21	4.5018e+005
708.63	4.5155e+005
709.06	4.5158e+005
709.48	4.5092e+005
709.9	4.5096e+005
710.32	4.494e+005
710.75	4.4689e+005
711.17	4.4736e+005
711.59	4.4581e+005
712.01	4.4626e+005
712.44	4.4795e+005
712.86	4.4865e+005
713.28	4.5e+005
713.71	4.4928e+005
714.13	4.4671e+005
714.55	4.438e+005
714.97	4.4448e+005
715.4	4.4408e+005
715.82	4.4306e+005
716.24	4.4381e+005
716.67	4.4387e+005
717.09	4.4428e+005
717.51	4.4483e+005
717.93	4.436e+005
718.36	4.4361e+005
718.78	4.4478e+005
719.2	4.4624e+005
719.62	4.4477e+005
720.05	4.4317e+005
720.47	4.3962e+005
720.89	4.3821e+005
721.32	4.3584e+005
721.74	4.3635e+005
722.16	4.4071e+005
722.58	4.4296e+005
723.01	4.4534e+005
723.43	4.4692e+005
723.85	4.4731e+005
724.27	4.45e+005
724.7	4.4116e+005
725.12	4.3542e+005
725.54	4.3245e+005
725.97	4.3302e+005
726.39	4.3458e+005
726.81	4.3893e+005
727.23	4.4115e+005
727.66	4.4236e+005
728.08	4.4256e+005
728.5	4.4097e+005
728.93	4.3952e+005
729.35	4.3863e+005
729.77	4.3616e+005
730.19	4.3536e+005
730.62	4.3682e+005
731.04	4.3727e+005
731.46	4.3829e+005
731.88	4.3925e+005
732.31	4.3815e+005
732.73	4.3471e+005
733.15	4.319e+005
733.58	4.3193e+005
734	4.3507e+005
734.42	4.3557e+005
734.84	4.3421e+005
735.27	4.3275e+005
735.69	4.3269e+005
736.11	4.3028e+005
736.54	4.2885e+005
736.96	4.2701e+005
737.38	4.3009e+005
737.8	4.3274e+005
738.23	4.3336e+005
738.65	4.3262e+005
739.07	4.3243e+005
739.49	4.2881e+005
739.92	4.2623e+005
740.34	4.2402e+005
740.76	4.2306e+005
741.19	4.2616e+005
741.61	4.2798e+005
742.03	4.2934e+005
742.45	4.3057e+005
742.88	4.279e+005
743.3	4.2432e+005
743.72	4.2285e+005
744.14	4.2232e+005
744.57	4.2427e+005
744.99	4.2586e+005
745.41	4.2716e+005
745.84	4.2812e+005
746.26	4.2936e+005
746.68	4.2528e+005
747.1	4.2215e+005
747.53	4.176e+005
747.95	4.1462e+005
748.37	4.1304e+005
748.8	4.1485e+005
749.22	4.1805e+005
749.64	4.2223e+005
750.06	4.2591e+005
750.49	4.3076e+005
750.91	4.3388e+005
751.33	4.3433e+005
751.75	4.3173e+005
752.18	4.2593e+005
752.6	4.1864e+005
753.02	4.104e+005
753.45	4.048e+005
753.87	4.0262e+005
754.29	4.0378e+005
754.71	4.0784e+005
755.14	4.1296e+005
755.56	4.1886e+005
755.98	4.2107e+005
756.4	4.1999e+005
756.83	4.1456e+005
757.25	4.0977e+005
757.67	4.0827e+005
758.1	4.0816e+005
758.52	4.1097e+005
758.94	4.1475e+005
759.36	4.1604e+005
759.79	4.1425e+005
760.21	4.1103e+005
760.63	4.0652e+005
761.06	4.0515e+005
761.48	4.0596e+005
761.9	4.0572e+005
762.32	4.0483e+005
762.75	4.0697e+005
763.17	4.1064e+005
763.59	4.1125e+005
764.01	4.1036e+005
764.44	4.0717e+005
764.86	4.0512e+005
765.28	4.0352e+005
765.71	4.0237e+005
766.13	4.0002e+005
766.55	3.9836e+005
766.97	3.9684e+005
767.4	3.9595e+005
767.82	3.9389e+005
768.24	3.9323e+005
768.66	3.941e+005
769.09	3.9502e+005
769.51	3.9572e+005
769.93	3.9807e+005
770.36	4.0069e+005
770.78	4.0079e+005
771.2	3.9829e+005
771.62	3.9531e+005
772.05	3.9631e+005
772.47	3.9709e+005
772.89	3.9598e+005
773.32	3.9268e+005
773.74	3.891e+005
774.16	3.8568e+005
774.58	3.8388e+005
775.01	3.8548e+005
775.43	3.883e+005
775.85	3.8928e+005
776.27	3.8894e+005
776.7	3.8871e+005
777.12	3.861e+005
777.54	3.8405e+005
777.97	3.8199e+005
778.39	3.8427e+005
778.81	3.8594e+005
779.23	3.8803e+005
779.66	3.9033e+005
780.08	3.8948e+005
780.5	3.8932e+005
780.92	3.8682e+005
781.35	3.8216e+005
781.77	3.7726e+005
782.19	3.7713e+005
782.62	3.7878e+005
783.04	3.7952e+005
