    316.96	7718395.00
    317.38	6724470.00
    317.81	6760019.00
    318.23	6804873.00
    318.65	6819643.00
    319.08	6818186.00
    319.50	6848740.00
    319.92	6857691.00
    320.34	6856326.00
    320.77	6878388.00
    321.19	6891623.00
    321.61	6884068.00
    322.03	6908145.00
    322.46	6917861.00
    322.88	6912202.00
    323.30	6931417.00
    323.73	6938282.00
    324.15	6933412.00
    324.57	6950184.00
    324.99	6960038.00
    325.42	6952056.00
    325.84	6973972.00
    326.26	6981814.00
    326.69	6981129.00
    327.11	7000351.00
    327.53	7014192.00
    327.95	7015416.00
    328.38	7038628.00
    328.80	7055585.00
    329.22	7063135.00
    329.64	7091703.00
    330.07	7117556.00
    330.49	7134262.00
    330.91	7168084.00
    331.34	7199153.00
    331.76	7225296.00
    332.18	7266446.00
    332.60	7309694.00
    333.03	7345303.00
    333.45	7396926.00
    333.87	7449936.00
    334.29	7499464.00
    334.72	7561688.00
    335.14	7627743.00
    335.56	7691860.00
    335.99	7768829.00
    336.41	7848094.00
    336.83	7923994.00
    337.25	8009253.00
    337.68	8103116.00
    338.10	8191576.00
    338.52	8291312.00
    338.95	8400702.00
    339.37	8508191.00
    339.79	8623850.00
    340.21	8744821.00
    340.64	8863338.00
    341.06	8991766.00
    341.48	9121798.00
    341.90	9250943.00
    342.33	9390822.00
    342.75	9531336.00
    343.17	9673420.00
    343.60	9823925.00
    344.02	9981323.00
    344.44	10138850.00
    344.86	10306546.00
    345.29	10473523.00
    345.71	10645050.00
    346.13	10810881.00
    346.55	10978995.00
    346.98	11140760.00
    347.40	11309880.00
    347.82	11474978.00
    348.25	11629598.00
    348.67	11801777.00
    349.09	11969278.00
    349.51	12146812.00
    349.94	12316870.00
    350.36	12482969.00
    350.78	12651929.00
    351.21	12814840.00
    351.63	12989707.00
    352.05	13154513.00
    352.47	13321911.00
    352.90	13479156.00
    353.32	13634546.00
    353.74	13797434.00
    354.16	13946017.00
    354.59	14110203.00
    355.01	14262228.00
    355.43	14417756.00
    355.86	14566131.00
    356.28	14720058.00
    356.70	14870012.00
    357.12	15012550.00
    357.55	15161464.00
    357.97	15301308.00
    358.39	15439495.00
    358.81	15582483.00
    359.24	15714362.00
    359.66	15855507.00
    360.08	15980326.00
    360.51	16128941.00
    360.93	16266740.00
    361.35	16400587.00
    361.77	16547167.00
    362.20	16650973.00
    362.62	16785861.00
    363.04	16900000.00
    363.47	17019950.00
    363.89	17182684.00
    364.31	17313155.00
    364.73	17455911.00
    365.16	17615412.00
    365.58	17759862.00
    366.00	17920117.00
    366.42	18092736.00
    366.85	18247209.00
    367.27	18397446.00
    367.69	18553020.00
    368.12	18702199.00
    368.54	18865441.00
    368.96	19036085.00
    369.38	19186676.00
    369.81	19351188.00
    370.23	19494587.00
    370.65	19651400.00
    371.07	19840030.00
    371.50	20005643.00
    371.92	20203266.00
    372.34	20388765.00
    372.77	20573786.00
    373.19	20797728.00
    373.61	20998427.00
    374.03	21193725.00
    374.46	21389999.00
    374.88	21573409.00
    375.30	21794188.00
    375.73	22038941.00
    376.15	22234883.00
    376.57	22501063.00
    376.99	22709127.00
    377.42	22901925.00
    377.84	23135807.00
    378.26	23289948.00
    378.68	23477319.00
    379.11	23691764.00
    379.53	23842586.00
    379.95	24046105.00
    380.38	24218701.00
    380.80	24324132.00
    381.22	24476508.00
    381.64	24584090.00
    382.07	24740361.00
    382.49	24980360.00
    382.91	25144397.00
    383.34	25370130.00
    383.76	25588985.00
    384.18	25736436.00
    384.60	25980590.00
    385.03	26224215.00
    385.45	26435067.00
    385.87	26762921.00
    386.29	27025819.00
    386.72	27302068.00
    387.14	27684040.00
    387.56	27917863.00
    387.99	28173177.00
    388.41	28515641.00
    388.83	28758029.00
    389.25	29130848.00
    389.68	29563575.00
    390.10	29863115.00
    390.52	30313348.00
    390.94	30726590.00
    391.37	31078486.00
    391.79	31616435.00
    392.21	32059643.00
    392.64	32655975.00
    393.06	33224236.00
    393.48	33491775.00
    393.90	33909418.00
    394.33	33876887.00
    394.75	33534374.00
    395.17	33787458.00
    395.60	32408877.00
    396.02	27636441.00
    396.44	22111919.00
    396.86	16190219.00
    397.29	10501841.00
    397.71	7941187.00
    398.13	7592959.00
    398.55	7595109.00
    398.98	7618517.00
    399.40	7663577.00
    399.82	7731102.00
    400.25	7803936.00
    400.67	7855847.00
    401.09	7882251.00
    401.51	7923243.00
    401.94	7969437.00
    402.36	8009415.00
    402.78	8058246.00
    403.20	8120040.00
    403.63	8243870.00
    404.05	9604165.00
    404.47	14816757.00
    404.90	21481545.00
    405.32	26000252.00
    405.74	32053750.00
    406.16	36952551.00
    406.59	38384542.00
    407.01	43448339.00
    407.43	50051321.00
    407.86	53745121.00
    408.28	58416362.00
    408.70	62117436.00
    409.12	63948872.00
    409.55	65904221.00
    409.97	67133944.00
    410.39	68305970.00
    410.81	69919178.00
    411.24	70980681.00
    411.66	72244615.00
    412.08	73928473.00
    412.51	75077053.00
    412.93	76175322.00
    413.35	77644402.00
    413.77	78851948.00
    414.20	80154506.00
    414.62	81968116.00
    415.04	84074150.00
    415.46	86758574.00
    415.89	89633159.00
    416.31	92003099.00
    416.73	93558233.00
    417.16	94373441.00
    417.58	94716767.00
    418.00	94885527.00
    418.42	95420783.00
    418.85	96512981.00
    419.27	97754687.00
    419.69	99029739.00
    420.12	100631280.00
    420.54	102146506.00
    420.96	103055367.00
    421.38	104257115.00
    421.81	105757729.00
    422.23	107132304.00
    422.65	108617655.00
    423.07	110457457.00
    423.50	112184909.00
    423.92	113461030.00
    424.34	114878033.00
    424.77	116670323.00
    425.19	118347427.00
    425.61	119819671.00
    426.03	121566889.00
    426.46	123368801.00
    426.88	124923982.00
    427.30	126649881.00
    427.72	128577713.00
    428.15	130193113.00
    428.57	131428230.00
    428.99	132927977.00
    429.42	134842006.00
    429.84	136685760.00
    430.26	138287272.00
    430.68	140213653.00
    431.11	142212099.00
    431.53	143959031.00
    431.95	145926326.00
    432.38	148228579.00
    432.80	150703751.00
    433.22	153039723.00
    433.64	155764081.00
    434.07	159458785.00
    434.49	163376899.00
    434.91	166334680.00
    435.33	168395541.00
    435.76	169786878.00
    436.18	170044175.00
    436.60	169968992.00
    437.03	170798603.00
    437.45	172458944.00
    437.87	174308009.00
    438.29	176289460.00
    438.72	178486876.00
    439.14	180533589.00
    439.56	181903583.00
    439.99	183051642.00
    440.41	184762541.00
    440.83	186649333.00
    441.25	188265084.00
    441.68	189700163.00
    442.10	191005786.00
    442.52	192218977.00
    442.94	193521411.00
    443.37	195020591.00
    443.79	197101842.00
    444.21	199537210.00
    444.64	202110204.00
    445.06	205657655.00
    445.48	216649954.00
    445.90	239356164.00
    446.33	253409229.00
    446.75	258603385.00
    447.17	258409272.00
    447.59	247387494.00
    448.02	242829309.00
    448.44	246225374.00
    448.86	247786541.00
    449.29	248425175.00
    449.71	244545302.00
    450.13	236611436.00
    450.55	235323158.00
    450.98	237543632.00
    451.40	240347523.00
    451.82	243145095.00
    452.25	246483070.00
    452.67	251373985.00
    453.09	257743801.00
    453.51	264626014.00
    453.94	271895354.00
    454.36	277672632.00
    454.78	280335870.00
    455.20	280703742.00
    455.63	279621306.00
    456.05	278541207.00
    456.47	280514018.00
    456.90	285779095.00
    457.32	294162244.00
    457.74	305032342.00
    458.16	319123246.00
    458.59	335056578.00
    459.01	348843955.00
    459.43	357421638.00
    459.85	359672527.00
    460.28	355418792.00
    460.70	348349226.00
    461.12	342023333.00
    461.55	338916672.00
    461.97	340844086.00
    462.39	351548188.00
    462.81	377042697.00
    463.24	414497826.00
    463.66	444752943.00
    464.08	464243959.00
    464.51	471319810.00
    464.93	465502270.00
    465.35	452228070.00
    465.77	438078709.00
    466.20	425520102.00
    466.62	413683784.00
    467.04	402324189.00
    467.46	390648065.00
    467.89	380528707.00
    468.31	379134136.00
    468.73	402885110.00
    469.16	427041423.00
    469.58	434595667.00
    470.00	434541503.00
    470.42	420885386.00
    470.85	389845624.00
    471.27	368995176.00
    471.69	359484830.00
    472.11	354781670.00
    472.54	352601738.00
    472.96	351352314.00
    473.38	350624139.00
    473.81	350244856.00
    474.23	351201165.00
    474.65	353562617.00
    475.07	357076427.00
    475.50	362296124.00
    475.92	371930918.00
    476.34	389676176.00
    476.77	409902173.00
    477.19	423962627.00
    477.61	431395955.00
    478.03	433469410.00
    478.46	432722279.00
    478.88	431331536.00
    479.30	429428177.00
    479.72	426793510.00
    480.15	422515387.00
    480.57	416908657.00
    480.99	412082593.00
    481.42	407535731.00
    481.84	402495707.00
    482.26	398138921.00
    482.68	395036538.00
    483.11	393796413.00
    483.53	393110984.00
    483.95	393216131.00
    484.37	394433718.00
    484.80	396068777.00
    485.22	397664748.00
    485.64	399157451.00
    486.07	401295463.00
    486.49	406526902.00
    486.91	418896850.00
    487.33	436074159.00
    487.76	450063156.00
    488.18	461134886.00
    488.60	467101694.00
    489.03	465460492.00
    489.45	459365967.00
    489.87	451373920.00
    490.29	442634325.00
    490.72	435382631.00
    491.14	430078025.00
    491.56	425907888.00
    491.98	421848599.00
    492.41	418564613.00
    492.83	416994099.00
    493.25	417165293.00
    493.68	417654094.00
    494.10	417683440.00
    494.52	417135754.00
    494.94	417500964.00
    495.37	419010788.00
    495.79	420769533.00
    496.21	421799386.00
    496.64	422104177.00
    497.06	422808186.00
    497.48	424549628.00
    497.90	427103840.00
    498.33	429371182.00
    498.75	430761345.00
    499.17	431960095.00
    499.59	433652962.00
    500.02	435608224.00
    500.44	436535757.00
    500.86	435945970.00
    501.29	434721822.00
    501.71	434307611.00
    502.13	435200231.00
    502.55	436514082.00
    502.98	437024235.00
    503.40	436669476.00
    503.82	436692764.00
    504.24	437677097.00
    504.67	439197179.00
    505.09	440188162.00
    505.51	440324589.00
    505.94	440397987.00
    506.36	441222527.00
    506.78	442913681.00
    507.20	444337352.00
    507.63	444685914.00
    508.05	444441102.00
    508.47	444951278.00
    508.90	446692529.00
    509.32	448773424.00
    509.74	449912024.00
    510.16	449620461.00
    510.59	448902677.00
    511.01	448819060.00
    511.43	449769273.00
    511.85	450822087.00
    512.28	451075888.00
    512.70	450658305.00
    513.12	450780932.00
    513.55	452003656.00
    513.97	453781591.00
    514.39	454766144.00
    514.81	454467192.00
    515.24	453637176.00
    515.66	453405351.00
    516.08	454651357.00
    516.50	456634480.00
    516.93	458016015.00
    517.35	458306914.00
    517.77	457977663.00
    518.20	458029696.00
    518.62	458941007.00
    519.04	459425263.00
    519.46	459333704.00
    519.89	458350886.00
    520.31	458079995.00
    520.73	458603671.00
    521.16	459801866.00
    521.58	460549413.00
    522.00	460485052.00
    522.42	459591038.00
    522.85	459227542.00
    523.27	460138229.00
    523.69	461437460.00
    524.11	462325988.00
    524.54	462297796.00
    524.96	461650895.00
    525.38	461540346.00
    525.81	462342463.00
    526.23	463676142.00
    526.65	464611620.00
    527.07	464540532.00
    527.50	464133686.00
    527.92	464072601.00
    528.34	464641111.00
    528.76	465680556.00
    529.19	466081737.00
    529.61	465745696.00
    530.03	465306162.00
    530.46	465441217.00
    530.88	466473297.00
    531.30	467783363.00
    531.72	468381738.00
    532.15	468205899.00
    532.57	467450348.00
    532.99	467120784.00
    533.42	467732959.00
    533.84	468472704.00
    534.26	468780098.00
    534.68	468821486.00
    535.11	468926993.00
    535.53	469693979.00
    535.95	471255903.00
    536.37	472516929.00
    536.80	472860754.00
    537.22	472390064.00
    537.64	471687812.00
    538.07	471686593.00
    538.49	472656899.00
    538.91	474059793.00
    539.33	474621582.00
    539.76	474290074.00
    540.18	473471748.00
    540.60	473084520.00
    541.02	473677532.00
    541.45	474805409.00
    541.87	475521429.00
    542.29	475121595.00
    542.72	474001273.00
    543.14	473207010.00
    543.56	473285129.00
    543.98	474355368.00
    544.41	475252364.00
    544.83	475275914.00
    545.25	474499051.00
    545.68	473601839.00
    546.10	473510940.00
    546.52	474466668.00
    546.94	475703828.00
    547.37	476296778.00
    547.79	475890067.00
    548.21	474898689.00
    548.63	474352823.00
    549.06	474637043.00
    549.48	475292295.00
    549.90	475803359.00
    550.33	475366751.00
    550.75	474204471.00
    551.17	472944424.00
    551.59	472593125.00
    552.02	473194984.00
    552.44	473963454.00
    552.86	473914864.00
    553.29	473141859.00
    553.71	472345584.00
    554.13	472071471.00
    554.55	472388394.00
    554.98	473000316.00
    555.40	473104158.00
    555.82	472377335.00
    556.24	470904857.00
    556.67	469551103.00
    557.09	469132706.00
    557.51	469635763.00
    557.94	470443514.00
    558.36	470690920.00
    558.78	470212275.00
    559.20	469249380.00
    559.63	468551169.00
    560.05	468271772.00
    560.47	468425885.00
    560.89	468614934.00
    561.32	468271582.00
    561.74	467353122.00
    562.16	466360332.00
    562.59	465902507.00
    563.01	466410896.00
    563.43	467288284.00
    563.85	468046086.00
    564.28	467835988.00
    564.70	467136717.00
    565.12	466498544.00
    565.55	466357900.00
    565.97	466628679.00
    566.39	466902960.00
    566.81	466729211.00
    567.24	465961927.00
    567.66	464791142.00
    568.08	463919718.00
    568.50	463418613.00
    568.93	463411201.00
    569.35	463754546.00
    569.77	463615240.00
    570.20	463066962.00
    570.62	462237870.00
    571.04	461663951.00
    571.46	461519911.00
    571.89	461647761.00
    572.31	461611706.00
    572.73	460971175.00
    573.15	459887776.00
    573.58	458794625.00
    574.00	458118894.00
    574.42	457799734.00
    574.85	457964665.00
    575.27	457999509.00
    575.69	457593765.00
    576.11	456716282.00
    576.54	455931324.00
    576.96	455623745.00
    577.38	455905861.00
    577.81	456315485.00
    578.23	456503560.00
    578.65	455998491.00
    579.07	455004592.00
    579.50	454169566.00
    579.92	453803585.00
    580.34	453820361.00
    580.76	454253190.00
    581.19	454476364.00
    581.61	453913926.00
    582.03	452404718.00
    582.46	450623980.00
    582.88	449047730.00
    583.30	448001216.00
    583.72	447381364.00
    584.15	446895049.00
    584.57	446081879.00
    584.99	445077272.00
    585.41	443978743.00
    585.84	443004190.00
    586.26	442312467.00
    586.68	441833597.00
    587.11	440850956.00
    587.53	439489669.00
    587.95	437430885.00
    588.37	435284872.00
    588.80	433354587.00
    589.22	432104684.00
    589.64	431478715.00
    590.07	431089164.00
    590.49	430389635.00
    590.91	429233667.00
    591.33	427798750.00
    591.76	426279558.00
    592.18	425036639.00
    592.60	423902543.00
    593.02	422659359.00
    593.45	420081919.00
    593.87	416396979.00
    594.29	411740351.00
    594.72	407687287.00
    595.14	404687038.00
    595.56	403494554.00
    595.98	403759388.00
    596.41	404127761.00
    596.83	404033259.00
    597.25	402894791.00
    597.67	400391313.00
    598.10	397483886.00
    598.52	395330266.00
    598.94	394044714.00
    599.37	393614334.00
    599.79	393606812.00
    600.21	392569207.00
    600.63	389976672.00
    601.06	386687835.00
    601.48	383480688.00
    601.90	382027306.00
    602.33	382842064.00
    602.75	385272987.00
    603.17	388164799.00
    603.59	389896816.00
    604.02	389036566.00
    604.44	386106962.00
    604.86	382360852.00
    605.28	379289423.00
    605.71	377203602.00
    606.13	375252026.00
    606.55	371915622.00
    606.98	366447530.00
    607.40	358838970.00
    607.82	350853519.00
    608.24	345312778.00
    608.67	343637001.00
    609.09	346425818.00
    609.51	351193664.00
    609.94	354164200.00
    610.36	352089667.00
    610.78	344231487.00
    611.20	332577244.00
    611.63	321316415.00
    612.05	314861741.00
    612.47	315057340.00
    612.89	320809738.00
    613.32	327580111.00
    613.74	330584306.00
    614.16	327556091.00
    614.59	318884624.00
    615.01	308122794.00
    615.43	300232333.00
    615.85	298259766.00
    616.28	302294943.00
    616.70	308944495.00
    617.12	313346341.00
    617.54	311766600.00
    617.97	304157969.00
    618.39	293966936.00
    618.81	285660655.00
    619.24	283529373.00
    619.66	288124131.00
    620.08	295897234.00
    620.50	301715208.00
    620.93	301249706.00
    621.35	293523989.00
    621.77	281233400.00
    622.20	269581112.00
    622.62	263354842.00
    623.04	264462163.00
    623.46	271126701.00
    623.89	278529668.00
    624.31	281937438.00
    624.73	279116202.00
    625.15	271228756.00
    625.58	262454657.00
    626.00	257134297.00
    626.42	257578981.00
    626.85	263178738.00
    627.27	270095361.00
    627.69	273898489.00
    628.11	272570667.00
    628.54	266505632.00
    628.96	258533325.00
    629.38	252530129.00
    629.80	251012648.00
    630.23	252551385.00
    630.65	254396423.00
    631.07	254209491.00
    631.50	250175114.00
    631.92	243275084.00
    632.34	236891174.00
    632.76	233913907.00
    633.19	235838328.00
    633.61	241161531.00
    634.03	246389218.00
    634.46	247893869.00
    634.88	244572216.00
    635.30	237502409.00
    635.72	230117090.00
    636.15	226404720.00
    636.57	227958929.00
    636.99	233598828.00
    637.41	239784438.00
    637.84	242596858.00
    638.26	239945018.00
    638.68	232900427.00
    639.11	224690452.00
    639.53	219009712.00
    639.95	218367252.00
    640.37	222318194.00
    640.80	228122849.00
    641.22	232389596.00
    641.64	233176898.00
    642.06	230462537.00
    642.49	226382656.00
    642.91	223996054.00
    643.33	224827933.00
    643.76	228153352.00
    644.18	232306091.00
    644.60	234171258.00
    645.02	232902633.00
    645.45	228784246.00
    645.87	223954600.00
    646.29	220798084.00
    646.72	219936915.00
    647.14	220123250.00
    647.56	219301802.00
    647.98	215415269.00
    648.41	208627320.00
    648.83	200959211.00
    649.25	195437402.00
    649.67	194513998.00
    650.10	198213067.00
    650.52	203833135.00
    650.94	207618212.00
    651.37	207031663.00
    651.79	201739865.00
    652.21	193818429.00
    652.63	186929828.00
    653.06	183815819.00
    653.48	184773461.00
    653.90	188006824.00
    654.32	190734542.00
    654.75	190803568.00
    655.17	188134509.00
    655.59	184594036.00
    656.02	182458113.00
    656.44	183237416.00
    656.86	185934445.00
    657.28	188055077.00
    657.71	186780976.00
    658.13	181498249.00
    658.55	173869899.00
    658.98	167162167.00
    659.40	164682640.00
    659.82	167547502.00
    660.24	173694022.00
    660.67	179167047.00
    661.09	180576512.00
    661.51	176927394.00
    661.93	169830997.00
    662.36	162734892.00
    662.78	159171585.00
    663.20	159958622.00
    663.63	163616452.00
    664.05	167289647.00
    664.47	168680960.00
    664.89	167341030.00
    665.32	164820257.00
    665.74	163706429.00
    666.16	165032422.00
    666.59	167576687.00
    667.01	168482032.00
    667.43	165505819.00
    667.85	158634162.00
    668.28	150532165.00
    668.70	145198776.00
    669.12	145581993.00
    669.54	151285640.00
    669.97	157937696.00
    670.39	160656895.00
    670.81	157207240.00
    671.24	148780411.00
    671.66	139179393.00
    672.08	133025017.00
    672.50	131680776.00
    672.93	132692816.00
    673.35	132585197.00
    673.77	129499830.00
    674.19	123950576.00
    674.62	118562746.00
    675.04	116710654.00
    675.46	119683812.00
    675.89	124918071.00
    676.31	128189308.00
    676.73	127034996.00
    677.15	122056323.00
    677.58	116510425.00
    678.00	114142097.00
    678.42	116267321.00
    678.85	120552548.00
    679.27	123509601.00
    679.69	123491198.00
    680.11	121657227.00
    680.54	120848791.00
    680.96	122814195.00
    681.38	125722143.00
    681.80	126132498.00
    682.23	122510089.00
    682.65	115838330.00
    683.07	109912764.00
    683.50	108377032.00
    683.92	110101259.00
    684.34	110958685.00
    684.76	108711391.00
    685.19	103907905.00
    685.61	99400456.00
    686.03	98084947.00
    686.45	98136785.00
    686.88	96325064.00
    687.30	92008330.00
    687.72	87270531.00
    688.15	85941850.00
    688.57	87393146.00
    688.99	86876765.00
    689.41	83171879.00
    689.84	77467621.00
    690.26	73627489.00
    690.68	73709480.00
    691.11	73900394.00
    691.53	73930043.00
    691.95	75577254.00
    692.37	74592117.00
    692.80	67874082.00
    693.22	60719113.00
    693.64	55398149.00
    694.06	53469419.00
    694.49	49148326.00
    694.91	46531358.00
    695.33	46186749.00
    695.76	38593899.00
    696.18	30207521.00
    696.60	30657441.00
    697.02	38460013.00
    697.45	41359382.00
    697.87	39019213.00
    698.29	35196346.00
    698.71	25038267.00
    699.14	12833523.00
    699.56	8361358.00
    699.98	7580760.00
    700.41	7401891.00
    700.83	7336316.00
    701.25	7315450.00
    701.67	7309255.00
    702.10	7312097.00
    702.52	7313953.00
    702.94	7317286.00
    703.37	7319674.00
    703.79	7320278.00
    704.21	7322215.00
    704.63	7323395.00
    705.06	7325921.00
    705.48	7325734.00
    705.90	7328192.00
    706.32	7330074.00
    706.75	7329632.00
    707.17	7327597.00
    707.59	7329669.00
    708.02	7329644.00
    708.44	7328040.00
    708.86	7328363.00
    709.28	7329291.00
    709.71	7327520.00
    710.13	7327176.00
    710.55	7327823.00
    710.97	7325431.00
    711.40	7325082.00
    711.82	7324481.00
    712.24	7325689.00
    712.67	7323558.00
    713.09	7323700.00
    713.51	7321158.00
    713.93	7321005.00
    714.36	7319790.00
    714.78	7318254.00
    715.20	7318374.00
    715.63	7315981.00
    716.05	7312220.00
    716.47	7312213.00
    716.89	7311821.00
    717.32	7312129.00
    717.74	7309883.00
    718.16	7308922.00
    718.58	7307376.00
    719.01	7305325.00
    719.43	7304509.00
    719.85	7302651.00
    720.28	7300354.00
    720.70	7298537.00
    721.12	7298081.00
    721.54	7295428.00
    721.97	7293288.00
    722.39	7294957.00
    722.81	7290389.00
    723.24	7290498.00
    723.66	7289457.00
    724.08	7286681.00
    724.50	7285729.00
    724.93	7284290.00
    725.35	7283159.00
    725.77	7278998.00
    726.19	7277933.00
    726.62	7274360.00
    727.04	7271824.00
    727.46	7272573.00
    727.89	7272120.00
    728.31	7270367.00
    728.73	7268173.00
    729.15	7266583.00
    729.58	7265475.00
    730.00	7263752.00
    730.42	7262455.00
    730.84	7259385.00
    731.27	7258026.00
    731.69	7256134.00
    732.11	7255840.00
    732.54	7254889.00
    732.96	7253847.00
    733.38	7251602.00
    733.80	7247881.00
    734.23	7246349.00
    734.65	7245517.00
    735.07	7243779.00
    735.50	7240003.00
    735.92	7236533.00
    736.34	7234885.00
    736.76	7233713.00
    737.19	7230155.00
    737.61	7228242.00
    738.03	7227822.00
    738.45	7225174.00
    738.88	7222321.00
    739.30	7220738.00
    739.72	7220060.00
    740.15	7216950.00
    740.57	7213275.00
    740.99	7212762.00
    741.41	7209849.00
    741.84	7208291.00
    742.26	7204655.00
    742.68	7203234.00
    743.10	7200932.00
    743.53	7199149.00
    743.95	7194096.00
    744.37	7195819.00
    744.80	7195245.00
    745.22	7194143.00
    745.64	7191711.00
    746.06	7190437.00
    746.49	7189249.00
    746.91	7188628.00
    747.33	7185752.00
    747.76	7183048.00
    748.18	7183574.00
    748.60	7181367.00
    749.02	7178743.00
    749.45	7178073.00
    749.87	7172350.00
    750.29	7172846.00
    750.71	7170991.00
    751.14	7169199.00
    751.56	7167645.00
    751.98	7165778.00
    752.41	7164246.00
    752.83	7162122.00
    753.25	7164530.00
    753.67	7159419.00
    754.10	7161307.00
    754.52	7158634.00
    754.94	7156627.00
    755.36	7156959.00
    755.79	7157957.00
    756.21	7155736.00
    756.63	7151286.00
    757.06	7150679.00
    757.48	7148661.00
    757.90	7145734.00
    758.32	7146266.00
    758.75	7143539.00
    759.17	7138264.00
    759.59	7137499.00
    760.02	7135748.00
    760.44	7134254.00
    760.86	7133256.00
    761.28	7129955.00
    761.71	7126959.00
    762.13	7124017.00
    762.55	7122930.00
    762.97	7119590.00
    763.40	7117683.00
    763.82	7114325.00
    764.24	7109062.00
    764.67	7107670.00
    765.09	7106235.00
    765.51	7103710.00
    765.93	7099762.00
    766.36	7096660.00
    766.78	7097424.00
    767.20	7094272.00
    767.62	7094414.00
    768.05	7091822.00
    768.47	7088584.00
    768.89	7086548.00
    769.32	7084314.00
    769.74	7084042.00
    770.16	7080027.00
    770.58	7078486.00
    771.01	7076239.00
    771.43	7073292.00
    771.85	7077325.00
    772.28	7075310.00
    772.70	7072994.00
    773.12	7072380.00
    773.54	7069575.00
    773.97	7069173.00
    774.39	7067906.00
    774.81	7068487.00
    775.23	7067147.00
    775.66	7066361.00
    776.08	7065281.00
    776.50	7065348.00
    776.93	7065979.00
    777.35	7064366.00
    777.77	7059740.00
    778.19	7058212.00
    778.62	7058702.00
    779.04	7058836.00
    779.46	7060493.00
    779.89	7059157.00
    780.31	7057340.00
    780.73	7054663.00
    781.15	7056069.00
    781.58	7058282.00
    782.00	7057013.00
    782.42	7056520.00
    782.84	7055247.00
    783.27	7053151.00
    783.69	7054274.00
    784.11	7056422.00
    784.54	7057217.00
    784.96	7055486.00
    785.38	7055021.00
    785.80	7056656.00
    786.23	7057117.00
    786.65	7061824.00
    787.07	7061247.00
    787.49	7062055.00
    787.92	7064328.00
    788.34	7066410.00
    788.76	7066233.00
    789.19	7062930.00
    789.61	7056525.00
    790.03	7053314.00
    790.45	7053464.00
    790.88	7053654.00
    791.30	7045220.00
    791.72	7036279.00
    792.15	7024663.00
    792.57	7021339.00
    792.99	7026242.00
    793.41	7033168.00
    793.84	7010087.00
    794.26	6947792.00
    794.68	6865651.00
    795.10	6782327.00
    795.53	6713282.00
    795.95	6678602.00
    796.37	6666037.00
    796.80	6663910.00
    797.22	6662832.00
    797.64	6662119.00
    798.06	6660257.00
    798.49	6659487.00
    798.91	6659904.00
    799.33	6657837.00
    799.75	6657203.00
    800.18	6656857.00
    800.60	6654757.00
    801.02	6655786.00
    801.45	6654743.00
    801.87	6653209.00
    802.29	6653921.00
    802.71	6651491.00
    803.14	6653319.00
    803.56	6650738.00
    803.98	6650510.00
    804.41	6650450.00
    804.83	6647629.00
    805.25	6649518.00
    805.67	6648707.00
    806.10	6646695.00
    806.52	6645944.00
    806.94	6646050.00
    807.36	6645533.00
    807.79	6645852.00
    808.21	6643776.00
    808.63	6643665.00
    809.06	6643965.00
    809.48	6643696.00
    809.90	6642227.00
    810.32	6643476.00
    810.75	6649363.00
    811.17	6681816.00
    811.59	6741274.00
    812.01	6810279.00
    812.44	6891367.00
    812.86	6928902.00
    813.28	6909082.00
    813.71	6887813.00
    814.13	6867029.00
    814.55	6890363.00
    814.97	6939354.00
    815.40	6974802.00
    815.82	6997177.00
    816.24	7000589.00
    816.67	7009076.00
    817.09	7043486.00
    817.51	7085220.00
    817.93	7121668.00
    818.36	7136973.00
    818.78	7143652.00
    819.20	7146731.00
    819.62	7154673.00
    820.05	7165062.00
    820.47	7173796.00
    820.89	7177757.00
    821.32	7185306.00
    821.74	7192958.00
    822.16	7198032.00
    822.58	7199343.00
    823.01	7196951.00
    823.43	7193379.00
    823.85	7193069.00
    824.27	7201474.00
    824.70	7211320.00
    825.12	7218655.00
    825.54	7224959.00
    825.97	7224345.00
    826.39	7223799.00
    826.81	7229269.00
    827.23	7233036.00
    827.66	7237336.00
    828.08	7243432.00
    828.50	7242833.00
    828.93	7244025.00
    829.35	7248507.00
    829.77	7251332.00
    830.19	7255615.00
    830.62	7257832.00
    831.04	7260653.00
    831.46	7264119.00
    831.88	7269985.00
    832.31	7278703.00
    832.73	7285068.00
    833.15	7297861.00
    833.58	7309934.00
    834.00	7322046.00
    834.42	7336393.00
    834.84	7345943.00
    835.27	7351695.00
    835.69	7353372.00
    836.11	7351672.00
    836.54	7345719.00
    836.96	7340502.00
    837.38	7338467.00
    837.80	7336738.00
    838.23	7339064.00
    838.65	7340486.00
    839.07	7342184.00
    839.49	7340865.00
    839.92	7339311.00
    840.34	7343372.00
    840.76	7348808.00
    841.19	7354475.00
    841.61	7362009.00
    842.03	7364702.00
    842.45	7364031.00
    842.88	7367933.00
    843.30	7374098.00
    843.72	7377839.00
    844.14	7385519.00
    844.57	7388304.00
    844.99	7386898.00
    845.41	7386897.00
    845.84	7387479.00
    846.26	7391009.00
    846.68	7398224.00
    847.10	7408065.00
    847.53	7415387.00
    847.95	7422261.00
    848.37	7425964.00
    848.80	7427191.00
    849.22	7432370.00
    849.64	7439364.00
    850.06	7446464.00
    850.49	7451796.00
    850.91	7456952.00
    851.33	7460037.00
    851.75	7461008.00
    852.18	7464725.00
    852.60	7476267.00
    853.02	7484699.00
    853.45	7496229.00
    853.87	7503991.00
    854.29	7506082.00
    854.71	7508116.00
    855.14	7510668.00
    855.56	7515894.00
    855.98	7525755.00
    856.40	7535048.00
    856.83	7546793.00
    857.25	7553018.00
    857.67	7557505.00
    858.10	7561624.00
    858.52	7565637.00
    858.94	7572404.00
    859.36	7581189.00
    859.79	7587669.00
    860.21	7594090.00
    860.63	7597668.00
    861.06	7600126.00
    861.48	7608273.00
    861.90	7618101.00
    862.32	7628373.00
    862.75	7640862.00
    863.17	7651819.00
    863.59	7657734.00
    864.01	7660088.00
    864.44	7665447.00
    864.86	7671202.00
    865.28	7684809.00
    865.71	7696920.00
    866.13	7707656.00
    866.55	7716929.00
    866.97	7724533.00
    867.40	7730325.00
    867.82	7736035.00
    868.24	7751239.00
    868.66	7765189.00
    869.09	7779379.00
    869.51	7792706.00
    869.93	7807309.00
    870.36	7820736.00
    870.78	7834393.00
    871.20	7858455.00
    871.62	7899905.00
    872.05	7933131.00
    872.47	7962111.00
    872.89	8000500.00
    873.32	8100621.00
    873.74	8155843.00
    874.16	8162616.00
    874.58	8176578.00
    875.01	8287879.00
    875.43	9048255.00
    875.85	9726356.00
    876.27	9952916.00
    876.70	10148908.00
    877.12	10320302.00
    877.54	11989124.00
    877.97	15078645.00
    878.39	16012412.00
    878.81	16012348.00
    879.23	14851342.00
    879.66	12518170.00
    880.08	12070643.00
    880.50	12879731.00
    880.92	13126786.00
    881.35	12837490.00
    881.77	11952361.00
    882.19	10575653.00
    882.62	9770610.00
    883.04	9732534.00
