316.96	18202
317.38	18495
317.81	18481
318.23	18339
318.65	18240
319.08	18586
319.5	18378
319.92	18495
320.34	18678
320.77	18611
321.19	18424
321.61	18636
322.03	18455
322.46	18572
322.88	18507
323.3	18706
323.73	18736
324.15	18746
324.57	18730
324.99	18817
325.42	18899
325.84	18768
326.26	18809
326.69	18636
327.11	18568
327.53	18902
327.95	19081
328.38	19100
328.8	19169
329.22	18774
329.64	19270
330.07	19337
330.49	19311
330.91	18986
331.34	19414
331.76	19629
332.18	19374
332.6	19430
333.03	19552
333.45	19336
333.87	19298
334.29	19355
334.72	19962
335.14	19694
335.56	19750
335.99	19825
336.41	19814
336.83	19881
337.25	20185
337.68	19899
338.1	20083
338.52	20557
338.95	20459
339.37	20178
339.79	20794
340.21	20734
340.64	20542
341.06	21030
341.48	21226
341.9	21275
342.33	21561
342.75	21293
343.17	21334
343.6	21559
344.02	21679
344.44	21880
344.86	21912
345.29	22420
345.71	22563
346.13	22828
346.55	23138
346.98	23222
347.4	24095
347.82	23838
348.25	24034
348.67	24174
349.09	24053
349.51	23918
349.94	23655
350.36	23349
350.78	23226
351.21	22821
351.63	22636
352.05	22093
352.47	22364
352.9	22050
353.32	21766
353.74	21912
354.16	22387
354.59	21806
355.01	21938
355.43	21631
355.86	21509
356.28	21812
356.7	21926
357.12	21855
357.55	21841
357.97	21710
358.39	21658
358.81	21944
359.24	21809
359.66	21844
360.08	21996
360.51	21950
360.93	22084
361.35	21985
361.77	22212
362.2	22172
362.62	22345
363.04	22207
363.47	22292
363.89	22518
364.31	22290
364.73	22286
365.16	22326
365.58	22790
366	22113
366.42	22754
366.85	22465
367.27	22752
367.69	22824
368.12	22831
368.54	22958
368.96	22890
369.38	23035
369.81	22924
370.23	23138
370.65	23148
371.07	23233
371.5	23154
371.92	23285
372.34	23293
372.77	23462
373.19	23362
373.61	23151
374.03	23593
374.46	23621
374.88	23782
375.3	23852
375.73	23993
376.15	23896
376.57	24109
376.99	23735
377.42	23914
377.84	23814
378.26	23744
378.68	24214
379.11	24205
379.53	24294
379.95	24037
380.38	24490
380.8	24579
381.22	24335
381.64	24287
382.07	24541
382.49	24741
382.91	24888
383.34	24910
383.76	24989
384.18	24630
384.6	24655
385.03	24749
385.45	25072
385.87	25098
386.29	25324
386.72	24970
387.14	25249
387.56	25473
387.99	25488
388.41	25562
388.83	25622
389.25	25431
389.68	25798
390.1	25369
390.52	25644
390.94	25786
391.37	25744
391.79	26111
392.21	26240
392.64	26483
393.06	25928
393.48	26273
393.9	26160
394.33	26203
394.75	26583
395.17	26624
395.6	26559
396.02	26550
396.44	26688
396.86	26799
397.29	26908
397.71	26796
398.13	26704
398.55	27490
398.98	26976
399.4	27204
399.82	27414
400.25	27303
400.67	27365
401.09	27356
401.51	27382
401.94	27444
402.36	27656
402.78	27888
403.2	27713
403.63	28018
404.05	28140
404.47	28302
404.9	28165
405.32	28358
405.74	28541
406.16	28494
406.59	28335
407.01	28532
407.43	28592
407.86	28624
408.28	29014
408.7	29005
409.12	29196
409.55	29428
409.97	28922
410.39	29117
410.81	29247
411.24	29544
411.66	29793
412.08	29902
412.51	29864
412.93	30011
413.35	30388
413.77	30348
414.2	30487
414.62	30619
415.04	31024
415.46	31101
415.89	31114
416.31	31470
416.73	31555
417.16	31746
417.58	32010
418	31973
418.42	32419
418.85	32384
419.27	32490
419.69	32870
420.12	33172
420.54	33743
420.96	33928
421.38	34500
421.81	34430
422.23	34561
422.65	35259
423.07	35651
423.5	35912
423.92	37038
424.34	37136
424.77	37583
425.19	37839
425.61	38571
426.03	39078
426.46	39937
426.88	40635
427.3	41550
427.72	42654
428.15	43592
428.57	44354
428.99	45363
429.42	46991
429.84	48154
430.26	49616
430.68	51040
431.11	52888
431.53	54369
431.95	57046
432.38	58950
432.8	61368
433.22	64419
433.64	67550
434.07	71120
434.49	74553
434.91	78061
435.33	81109
435.76	85439
436.18	88887
436.6	94288
437.03	99963
437.45	1.0681e+005
437.87	1.1345e+005
438.29	1.2051e+005
438.72	1.2835e+005
439.14	1.3702e+005
439.56	1.4676e+005
439.99	1.5735e+005
440.41	1.6919e+005
440.83	1.819e+005
441.25	1.9646e+005
441.68	2.1113e+005
442.1	2.2823e+005
442.52	2.4612e+005
442.94	2.6608e+005
443.37	2.899e+005
443.79	3.1615e+005
444.21	3.462e+005
444.64	3.8068e+005
445.06	4.2936e+005
445.48	5.394e+005
445.9	6.5165e+005
446.33	6.6364e+005
446.75	6.4699e+005
447.17	6.7522e+005
447.59	7.6023e+005
448.02	8.9536e+005
448.44	9.6308e+005
448.86	9.7182e+005
449.29	1.0195e+006
449.71	1.1031e+006
450.13	1.2013e+006
450.55	1.3086e+006
450.98	1.4212e+006
451.4	1.5404e+006
451.82	1.6743e+006
452.25	1.8264e+006
452.67	2.0011e+006
453.09	2.1828e+006
453.51	2.3695e+006
453.94	2.5547e+006
454.36	2.6834e+006
454.78	2.7588e+006
455.2	2.844e+006
455.63	2.9638e+006
456.05	3.1127e+006
456.47	3.2907e+006
456.9	3.503e+006
457.32	3.7522e+006
457.74	4.0454e+006
458.16	4.3977e+006
458.59	4.673e+006
459.01	4.7657e+006
459.43	4.7269e+006
459.85	4.6362e+006
460.28	4.5551e+006
460.7	4.523e+006
461.12	4.5464e+006
461.55	4.6401e+006
461.97	4.8551e+006
462.39	5.3596e+006
462.81	6.2514e+006
463.24	6.9922e+006
463.66	7.1056e+006
464.08	6.8015e+006
464.51	6.4379e+006
464.93	6.1565e+006
465.35	5.9734e+006
465.77	5.8357e+006
466.2	5.6696e+006
466.62	5.4872e+006
467.04	5.3356e+006
467.46	5.2399e+006
467.89	5.2601e+006
468.31	5.743e+006
468.73	6.7771e+006
469.16	6.9673e+006
469.58	6.1785e+006
470	5.6336e+006
470.42	5.4209e+006
470.85	5.3515e+006
471.27	5.3305e+006
471.69	5.34e+006
472.11	5.3605e+006
472.54	5.3972e+006
472.96	5.4499e+006
473.38	5.5226e+006
473.81	5.6081e+006
474.23	5.7226e+006
474.65	5.8784e+006
475.07	6.0753e+006
475.5	6.3295e+006
475.92	6.7849e+006
476.34	7.4164e+006
476.77	7.7943e+006
477.19	7.7815e+006
477.61	7.7147e+006
478.03	7.8452e+006
478.46	8.1105e+006
478.88	8.2181e+006
479.3	8.1475e+006
479.72	8.0996e+006
480.15	8.1026e+006
480.57	8.1074e+006
480.99	8.0898e+006
481.42	8.0686e+006
481.84	8.0653e+006
482.26	8.0893e+006
482.68	8.1397e+006
483.11	8.2178e+006
483.53	8.3114e+006
483.95	8.4233e+006
484.37	8.5269e+006
484.8	8.6052e+006
485.22	8.6823e+006
485.64	8.7884e+006
486.07	8.9536e+006
486.49	9.3247e+006
486.91	1.0093e+007
487.33	1.0778e+007
487.76	1.0961e+007
488.18	1.0889e+007
488.6	1.0702e+007
489.03	1.0431e+007
489.45	1.0173e+007
489.87	9.969e+006
490.29	9.8151e+006
490.72	9.7095e+006
491.14	9.6378e+006
491.56	9.5928e+006
491.98	9.5642e+006
492.41	9.5459e+006
492.83	9.5473e+006
493.25	9.5494e+006
493.68	9.554e+006
494.1	9.5676e+006
494.52	9.5823e+006
494.94	9.6061e+006
495.37	9.6277e+006
495.79	9.6504e+006
496.21	9.6741e+006
496.64	9.6993e+006
497.06	9.7301e+006
497.48	9.7678e+006
497.9	9.8449e+006
498.33	9.9443e+006
498.75	1.0001e+007
499.17	9.9954e+006
499.59	9.9813e+006
500.02	9.9744e+006
500.44	9.9745e+006
500.86	9.9753e+006
501.29	9.9813e+006
501.71	1.0001e+007
502.13	1.0018e+007
502.55	1.0037e+007
502.98	1.0055e+007
503.4	1.0077e+007
503.82	1.0098e+007
504.24	1.0118e+007
504.67	1.0144e+007
505.09	1.0161e+007
505.51	1.0184e+007
505.94	1.0207e+007
506.36	1.0234e+007
506.78	1.026e+007
507.2	1.0294e+007
507.63	1.0346e+007
508.05	1.0404e+007
508.47	1.0458e+007
508.9	1.0478e+007
509.32	1.0483e+007
509.74	1.049e+007
510.16	1.0503e+007
510.59	1.0525e+007
511.01	1.0546e+007
511.43	1.0561e+007
511.85	1.0591e+007
512.28	1.061e+007
512.7	1.0641e+007
513.12	1.0665e+007
513.55	1.0698e+007
513.97	1.0731e+007
514.39	1.0757e+007
514.81	1.0787e+007
515.24	1.081e+007
515.66	1.083e+007
516.08	1.0844e+007
516.5	1.0869e+007
516.93	1.0889e+007
517.35	1.0908e+007
517.77	1.0926e+007
518.2	1.0952e+007
518.62	1.0971e+007
519.04	1.0988e+007
519.46	1.1005e+007
519.89	1.1017e+007
520.31	1.1024e+007
520.73	1.1045e+007
521.16	1.1068e+007
521.58	1.1082e+007
522	1.1111e+007
522.42	1.1121e+007
522.85	1.1133e+007
523.27	1.1143e+007
523.69	1.1167e+007
524.11	1.1198e+007
524.54	1.1205e+007
524.96	1.1196e+007
525.38	1.1208e+007
525.81	1.1222e+007
526.23	1.1232e+007
526.65	1.1246e+007
527.07	1.1255e+007
527.5	1.127e+007
527.92	1.1279e+007
528.34	1.1295e+007
528.76	1.1312e+007
529.19	1.1329e+007
529.61	1.1334e+007
530.03	1.1344e+007
530.46	1.1357e+007
530.88	1.1363e+007
531.3	1.1376e+007
531.72	1.1381e+007
532.15	1.139e+007
532.57	1.1387e+007
532.99	1.1379e+007
533.42	1.138e+007
533.84	1.1385e+007
534.26	1.1408e+007
534.68	1.1441e+007
535.11	1.1468e+007
535.53	1.1487e+007
535.95	1.1511e+007
536.37	1.153e+007
536.8	1.156e+007
537.22	1.1585e+007
537.64	1.1584e+007
538.07	1.16e+007
538.49	1.1605e+007
538.91	1.1611e+007
539.33	1.1615e+007
539.76	1.1618e+007
540.18	1.1627e+007
540.6	1.163e+007
541.02	1.1631e+007
541.45	1.1636e+007
541.87	1.1644e+007
542.29	1.1643e+007
542.72	1.1651e+007
543.14	1.1649e+007
543.56	1.165e+007
543.98	1.1653e+007
544.41	1.1657e+007
544.83	1.1664e+007
545.25	1.1665e+007
545.68	1.1665e+007
546.1	1.1667e+007
546.52	1.1677e+007
546.94	1.1691e+007
547.37	1.17e+007
547.79	1.1708e+007
548.21	1.1711e+007
548.63	1.1714e+007
549.06	1.1708e+007
549.48	1.1711e+007
549.9	1.1711e+007
550.33	1.1708e+007
550.75	1.171e+007
551.17	1.1709e+007
551.59	1.1709e+007
552.02	1.1715e+007
552.44	1.1714e+007
552.86	1.1711e+007
553.29	1.1719e+007
553.71	1.1717e+007
554.13	1.1719e+007
554.55	1.1719e+007
554.98	1.1715e+007
555.4	1.1708e+007
555.82	1.1708e+007
556.24	1.1704e+007
556.67	1.1706e+007
557.09	1.1701e+007
557.51	1.1698e+007
557.94	1.1694e+007
558.36	1.1684e+007
558.78	1.1678e+007
559.2	1.1678e+007
559.63	1.1678e+007
560.05	1.1673e+007
560.47	1.1675e+007
560.89	1.1686e+007
561.32	1.1691e+007
561.74	1.1694e+007
562.16	1.1697e+007
562.59	1.1695e+007
563.01	1.17e+007
563.43	1.1703e+007
563.85	1.1717e+007
564.28	1.1729e+007
564.7	1.1744e+007
565.12	1.1756e+007
565.55	1.1755e+007
565.97	1.1744e+007
566.39	1.1732e+007
566.81	1.1725e+007
567.24	1.1724e+007
567.66	1.1715e+007
568.08	1.172e+007
568.5	1.1715e+007
568.93	1.171e+007
569.35	1.1719e+007
569.77	1.1718e+007
570.2	1.1716e+007
570.62	1.1711e+007
571.04	1.1713e+007
571.46	1.171e+007
571.89	1.1705e+007
572.31	1.1703e+007
572.73	1.1692e+007
573.15	1.1693e+007
573.58	1.1688e+007
574	1.1689e+007
574.42	1.1685e+007
574.85	1.1679e+007
575.27	1.1674e+007
575.69	1.1672e+007
576.11	1.1664e+007
576.54	1.1662e+007
576.96	1.166e+007
577.38	1.1659e+007
577.81	1.1666e+007
578.23	1.1677e+007
578.65	1.1685e+007
579.07	1.1689e+007
579.5	1.1691e+007
579.92	1.1692e+007
580.34	1.1688e+007
580.76	1.1685e+007
581.19	1.1674e+007
581.61	1.166e+007
582.03	1.1648e+007
582.46	1.1636e+007
582.88	1.1621e+007
583.3	1.1612e+007
583.72	1.1598e+007
584.15	1.1589e+007
584.57	1.1569e+007
584.99	1.1545e+007
585.41	1.1529e+007
585.84	1.1507e+007
586.26	1.1475e+007
586.68	1.1454e+007
587.11	1.1418e+007
587.53	1.1379e+007
587.95	1.1342e+007
588.37	1.1302e+007
588.8	1.127e+007
589.22	1.1231e+007
589.64	1.1195e+007
590.07	1.116e+007
590.49	1.1115e+007
590.91	1.1084e+007
591.33	1.1037e+007
591.76	1.0993e+007
592.18	1.0957e+007
592.6	1.092e+007
593.02	1.0875e+007
593.45	1.0824e+007
593.87	1.0779e+007
594.29	1.0726e+007
594.72	1.0687e+007
595.14	1.0648e+007
595.56	1.0608e+007
595.98	1.0581e+007
596.41	1.0546e+007
596.83	1.0514e+007
597.25	1.0492e+007
597.67	1.0463e+007
598.1	1.0441e+007
598.52	1.0422e+007
598.94	1.0394e+007
599.37	1.0364e+007
599.79	1.0335e+007
600.21	1.0298e+007
600.63	1.0269e+007
601.06	1.0239e+007
601.48	1.0212e+007
601.9	1.0189e+007
602.33	1.0164e+007
602.75	1.0145e+007
603.17	1.0122e+007
603.59	1.011e+007
604.02	1.0088e+007
604.44	1.0072e+007
604.86	1.0055e+007
605.28	1.0049e+007
605.71	1.0033e+007
606.13	1.0018e+007
606.55	1.0013e+007
606.98	9.9987e+006
607.4	9.9942e+006
607.82	9.9899e+006
608.24	9.9807e+006
608.67	9.965e+006
609.09	9.9583e+006
609.51	9.954e+006
609.94	9.9502e+006
610.36	9.9434e+006
610.78	9.9311e+006
611.2	9.9131e+006
611.63	9.8987e+006
612.05	9.8884e+006
612.47	9.8833e+006
612.89	9.8768e+006
613.32	9.8691e+006
613.74	9.8696e+006
614.16	9.872e+006
614.59	9.8634e+006
615.01	9.8477e+006
615.43	9.8338e+006
615.85	9.8107e+006
616.28	9.7835e+006
616.7	9.7522e+006
617.12	9.7104e+006
617.54	9.6645e+006
617.97	9.6102e+006
618.39	9.5586e+006
618.81	9.5117e+006
619.24	9.4707e+006
619.66	9.4151e+006
620.08	9.3601e+006
620.5	9.3053e+006
620.93	9.2541e+006
621.35	9.2121e+006
621.77	9.1734e+006
622.2	9.1235e+006
622.62	9.0782e+006
623.04	9.0414e+006
623.46	9.0106e+006
623.89	8.98e+006
624.31	8.9518e+006
624.73	8.9246e+006
625.15	8.9005e+006
625.58	8.8839e+006
626	8.8639e+006
626.42	8.8317e+006
626.85	8.798e+006
627.27	8.7654e+006
627.69	8.7217e+006
628.11	8.6972e+006
628.54	8.6614e+006
628.96	8.6171e+006
629.38	8.5743e+006
629.8	8.5269e+006
630.23	8.4839e+006
630.65	8.4261e+006
631.07	8.3717e+006
631.5	8.3191e+006
631.92	8.2685e+006
632.34	8.2269e+006
632.76	8.1844e+006
633.19	8.1415e+006
633.61	8.0978e+006
634.03	8.0547e+006
634.46	8.0179e+006
634.88	7.9875e+006
635.3	7.9521e+006
635.72	7.9202e+006
636.15	7.8904e+006
636.57	7.8604e+006
636.99	7.8313e+006
637.41	7.805e+006
637.84	7.7816e+006
638.26	7.7593e+006
638.68	7.7433e+006
639.11	7.7242e+006
639.53	7.7106e+006
639.95	7.6983e+006
640.37	7.6924e+006
640.8	7.6947e+006
641.22	7.7128e+006
641.64	7.7462e+006
642.06	7.7661e+006
642.49	7.8032e+006
642.91	7.8293e+006
643.33	7.8385e+006
643.76	7.8342e+006
644.18	7.8278e+006
644.6	7.7957e+006
645.02	7.7547e+006
645.45	7.6669e+006
645.87	7.5445e+006
646.29	7.4442e+006
646.72	7.3655e+006
647.14	7.29e+006
647.56	7.2286e+006
647.98	7.1668e+006
648.41	7.1113e+006
648.83	7.0586e+006
649.25	7.0176e+006
649.67	6.9788e+006
650.1	6.9443e+006
650.52	6.9089e+006
650.94	6.8723e+006
651.37	6.8395e+006
651.79	6.8079e+006
652.21	6.7825e+006
652.63	6.7577e+006
653.06	6.7213e+006
653.48	6.6868e+006
653.9	6.6524e+006
654.32	6.6301e+006
654.75	6.6141e+006
655.17	6.6041e+006
655.59	6.5887e+006
656.02	6.5639e+006
656.44	6.5431e+006
656.86	6.5192e+006
657.28	6.5056e+006
657.71	6.4915e+006
658.13	6.4818e+006
658.55	6.4677e+006
658.98	6.4537e+006
659.4	6.4436e+006
659.82	6.4308e+006
660.24	6.413e+006
660.67	6.3997e+006
661.09	6.3996e+006
661.51	6.4007e+006
661.93	6.3944e+006
662.36	6.3814e+006
662.78	6.3536e+006
663.2	6.3176e+006
663.63	6.287e+006
664.05	6.2762e+006
664.47	6.2586e+006
664.89	6.2317e+006
665.32	6.1992e+006
665.74	6.1638e+006
666.16	6.1282e+006
666.59	6.1064e+006
667.01	6.1069e+006
667.43	6.0913e+006
667.85	6.0626e+006
668.28	6.0317e+006
668.7	6.0117e+006
669.12	5.9906e+006
669.54	5.97e+006
669.97	5.9454e+006
670.39	5.9105e+006
670.81	5.8759e+006
671.24	5.8413e+006
671.66	5.7992e+006
672.08	5.7613e+006
672.5	5.7241e+006
672.93	5.681e+006
673.35	5.6409e+006
673.77	5.6048e+006
674.19	5.5811e+006
674.62	5.5604e+006
675.04	5.5366e+006
675.46	5.5334e+006
675.89	5.5435e+006
676.31	5.5619e+006
676.73	5.6153e+006
677.15	5.7272e+006
677.58	5.8842e+006
678	5.9739e+006
678.42	5.9654e+006
678.85	5.9054e+006
679.27	5.8193e+006
679.69	5.7283e+006
680.11	5.6411e+006
680.54	5.5855e+006
680.96	5.5498e+006
681.38	5.5464e+006
681.8	5.552e+006
682.23	5.5528e+006
682.65	5.5356e+006
683.07	5.5282e+006
683.5	5.5299e+006
683.92	5.5405e+006
684.34	5.5422e+006
684.76	5.5238e+006
685.19	5.4738e+006
685.61	5.3835e+006
686.03	5.272e+006
686.45	5.1601e+006
686.88	5.0636e+006
687.3	4.9702e+006
687.72	4.8994e+006
688.15	4.8212e+006
688.57	4.7507e+006
688.99	4.6875e+006
689.41	4.6133e+006
689.84	4.5313e+006
690.26	4.4466e+006
690.68	4.3794e+006
691.11	4.3346e+006
691.53	4.3054e+006
691.95	4.2817e+006
692.37	4.259e+006
692.8	4.2297e+006
693.22	4.1803e+006
693.64	4.1382e+006
694.06	4.0981e+006
694.49	4.0685e+006
694.91	4.0481e+006
695.33	4.0247e+006
695.76	3.9945e+006
696.18	3.9465e+006
696.6	3.8903e+006
697.02	3.8384e+006
697.45	3.7999e+006
697.87	3.767e+006
698.29	3.7438e+006
698.71	3.7262e+006
699.14	3.6969e+006
699.56	3.6689e+006
699.98	3.6359e+006
700.41	3.612e+006
700.83	3.6018e+006
701.25	3.5932e+006
701.67	3.585e+006
702.1	3.5851e+006
702.52	3.5939e+006
702.94	3.5991e+006
703.37	3.6034e+006
703.79	3.6182e+006
704.21	3.6432e+006
704.63	3.6746e+006
705.06	3.701e+006
705.48	3.7293e+006
705.9	3.7663e+006
706.32	3.8044e+006
706.75	3.8334e+006
707.17	3.8624e+006
707.59	3.881e+006
708.02	3.8854e+006
708.44	3.8691e+006
708.86	3.8346e+006
709.28	3.7886e+006
709.71	3.7272e+006
710.13	3.6739e+006
710.55	3.6178e+006
710.97	3.5585e+006
711.4	3.489e+006
711.82	3.4146e+006
712.24	3.3611e+006
712.67	3.313e+006
713.09	3.2733e+006
713.51	3.2325e+006
713.93	3.1907e+006
714.36	3.1477e+006
714.78	3.0947e+006
715.2	3.0275e+006
715.63	2.969e+006
716.05	2.9225e+006
716.47	2.885e+006
716.89	2.8564e+006
717.32	2.8348e+006
717.74	2.8289e+006
718.16	2.8196e+006
718.58	2.7982e+006
719.01	2.7763e+006
719.43	2.757e+006
719.85	2.7354e+006
720.28	2.726e+006
720.7	2.7311e+006
721.12	2.743e+006
721.54	2.7534e+006
721.97	2.7678e+006
722.39	2.7961e+006
722.81	2.8304e+006
723.24	2.8665e+006
723.66	2.8822e+006
724.08	2.878e+006
724.5	2.8585e+006
724.93	2.8336e+006
725.35	2.8209e+006
725.77	2.8528e+006
726.19	2.9168e+006
726.62	3.0004e+006
727.04	3.0613e+006
727.46	3.0797e+006
727.89	3.0812e+006
728.31	3.0801e+006
728.73	3.0302e+006
729.15	2.9056e+006
729.58	2.7842e+006
730	2.6842e+006
730.42	2.6156e+006
730.84	2.5645e+006
731.27	2.5283e+006
731.69	2.4952e+006
732.11	2.4593e+006
732.54	2.4203e+006
732.96	2.3903e+006
733.38	2.3817e+006
733.8	2.3865e+006
734.23	2.4094e+006
734.65	2.4338e+006
735.07	2.4472e+006
735.5	2.4509e+006
735.92	2.4372e+006
736.34	2.4127e+006
736.76	2.3901e+006
737.19	2.3721e+006
737.61	2.3466e+006
738.03	2.3216e+006
738.45	2.2924e+006
738.88	2.2504e+006
739.3	2.1992e+006
739.72	2.1482e+006
740.15	2.1118e+006
740.57	2.0833e+006
740.99	2.0596e+006
741.41	2.0408e+006
741.84	2.0267e+006
742.26	2.0088e+006
742.68	1.9852e+006
743.1	1.9661e+006
743.53	1.9642e+006
743.95	1.9767e+006
744.37	1.9854e+006
744.8	1.9777e+006
745.22	1.9655e+006
745.64	1.955e+006
746.06	1.9271e+006
746.49	1.8899e+006
746.91	1.8527e+006
747.33	1.8309e+006
747.76	1.8224e+006
748.18	1.8181e+006
748.6	1.8091e+006
749.02	1.7897e+006
749.45	1.7726e+006
749.87	1.7484e+006
750.29	1.7174e+006
750.71	1.6854e+006
751.14	1.6586e+006
751.56	1.6426e+006
751.98	1.6328e+006
752.41	1.6291e+006
752.83	1.6326e+006
753.25	1.6372e+006
753.67	1.6351e+006
754.1	1.6377e+006
754.52	1.647e+006
754.94	1.6657e+006
755.36	1.6814e+006
755.79	1.6755e+006
756.21	1.6549e+006
756.63	1.6524e+006
757.06	1.6866e+006
757.48	1.7608e+006
757.9	1.9198e+006
758.32	2.2928e+006
758.75	2.9427e+006
759.17	3.3407e+006
759.59	3.1467e+006
760.02	2.7258e+006
760.44	2.3438e+006
760.86	2.0625e+006
761.28	1.855e+006
761.71	1.6976e+006
762.13	1.5872e+006
762.55	1.5067e+006
762.97	1.4453e+006
763.4	1.3855e+006
763.82	1.3342e+006
764.24	1.2888e+006
764.67	1.2475e+006
765.09	1.2092e+006
765.51	1.1747e+006
765.93	1.1481e+006
766.36	1.1267e+006
766.78	1.1065e+006
767.2	1.0895e+006
767.62	1.0785e+006
768.05	1.0691e+006
768.47	1.0533e+006
768.89	1.0317e+006
769.32	1.0131e+006
769.74	9.9099e+005
770.16	9.6952e+005
770.58	9.4705e+005
771.01	9.2837e+005
771.43	9.0677e+005
771.85	8.8964e+005
772.28	8.7861e+005
772.7	8.7293e+005
773.12	8.6794e+005
773.54	8.6442e+005
773.97	8.5752e+005
774.39	8.5367e+005
774.81	8.4887e+005
775.23	8.3876e+005
775.66	8.2553e+005
776.08	8.1566e+005
776.5	8.0732e+005
776.93	8.0015e+005
777.35	7.9487e+005
777.77	7.9138e+005
778.19	7.8746e+005
778.62	7.8314e+005
779.04	7.7617e+005
779.46	7.6648e+005
779.89	7.5862e+005
780.31	7.5205e+005
780.73	7.455e+005
781.15	7.3911e+005
781.58	7.327e+005
782	7.2981e+005
782.42	7.3703e+005
782.84	7.6157e+005
783.27	8.1101e+005
783.69	8.6828e+005
784.11	9.0324e+005
784.54	9.0459e+005
784.96	8.8235e+005
785.38	8.4575e+005
785.8	8.068e+005
786.23	7.7323e+005
786.65	7.4272e+005
787.07	7.169e+005
787.49	6.9357e+005
787.92	6.7229e+005
788.34	6.5664e+005
788.76	6.4934e+005
789.19	6.4412e+005
789.61	6.3779e+005
790.03	6.3717e+005
790.45	6.3822e+005
790.88	6.4626e+005
791.3	6.6291e+005
791.72	6.7999e+005
792.15	6.8628e+005
792.57	6.8411e+005
792.99	6.8026e+005
793.41	6.7223e+005
793.84	6.6207e+005
794.26	6.5476e+005
794.68	6.4558e+005
795.1	6.3386e+005
795.53	6.2012e+005
795.95	6.0343e+005
796.37	5.8219e+005
796.8	5.6409e+005
797.22	5.4834e+005
797.64	5.3764e+005
798.06	5.3134e+005
798.49	5.2739e+005
798.91	5.2715e+005
799.33	5.2283e+005
799.75	5.1892e+005
800.18	5.0829e+005
800.6	4.9839e+005
801.02	4.8916e+005
801.45	4.8167e+005
801.87	4.7853e+005
802.29	4.8153e+005
802.71	4.8654e+005
803.14	4.9066e+005
803.56	4.9305e+005
803.98	4.903e+005
804.41	4.8166e+005
804.83	4.7407e+005
805.25	4.6884e+005
805.67	4.6877e+005
806.1	4.6799e+005
806.52	4.6937e+005
806.94	4.7047e+005
807.36	4.7117e+005
807.79	4.7055e+005
808.21	4.6706e+005
808.63	4.6093e+005
809.06	4.5783e+005
809.48	4.5942e+005
809.9	4.6206e+005
810.32	4.6316e+005
810.75	4.63e+005
811.17	4.6797e+005
811.59	4.7552e+005
812.01	4.873e+005
812.44	4.9912e+005
812.86	5.1529e+005
813.28	5.409e+005
813.71	5.7612e+005
814.13	6.2388e+005
814.55	6.8337e+005
814.97	7.6436e+005
815.4	8.7219e+005
815.82	9.9732e+005
816.24	1.1569e+006
816.67	1.424e+006
817.09	1.9915e+006
817.51	3.0766e+006
817.93	4.0977e+006
818.36	4.2169e+006
818.78	3.722e+006
819.2	3.1322e+006
819.62	2.6144e+006
820.05	2.1696e+006
820.47	1.8255e+006
820.89	1.6037e+006
821.32	1.5259e+006
821.74	1.5817e+006
822.16	1.8235e+006
822.58	2.1053e+006
823.01	2.0684e+006
823.43	1.7466e+006
823.85	1.3987e+006
824.27	1.1194e+006
824.7	9.1966e+005
825.12	7.8311e+005
825.54	6.9064e+005
825.97	6.2544e+005
826.39	5.7804e+005
826.81	5.4871e+005
827.23	5.4245e+005
827.66	5.6418e+005
828.08	6.2517e+005
828.5	7.5387e+005
828.93	9.8001e+005
829.35	1.1899e+006
829.77	1.1839e+006
830.19	1.0049e+006
830.62	8.0337e+005
831.04	6.5216e+005
831.46	5.5061e+005
831.88	4.8166e+005
832.31	4.3024e+005
832.73	3.9419e+005
833.15	3.6598e+005
833.58	3.4558e+005
834	3.2989e+005
834.42	3.2652e+005
834.84	3.4675e+005
835.27	4.4293e+005
835.69	5.8392e+005
836.11	5.8647e+005
836.54	4.8078e+005
836.96	3.8923e+005
837.38	3.2791e+005
837.8	2.864e+005
838.23	2.5739e+005
838.65	2.3557e+005
839.07	2.1742e+005
839.49	2.0405e+005
839.92	1.9358e+005
840.34	1.8547e+005
840.76	1.7826e+005
841.19	1.7213e+005
841.61	1.6734e+005
842.03	1.6294e+005
842.45	1.5889e+005
842.88	1.5481e+005
843.3	1.5122e+005
843.72	1.4729e+005
844.14	1.4412e+005
844.57	1.4054e+005
844.99	1.3699e+005
845.41	1.356e+005
845.84	1.3392e+005
846.26	1.3396e+005
846.68	1.3344e+005
847.1	1.3184e+005
847.53	1.3237e+005
847.95	1.3382e+005
848.37	1.347e+005
848.8	1.3554e+005
849.22	1.3454e+005
849.64	1.3238e+005
850.06	1.3055e+005
850.49	1.2903e+005
850.91	1.2683e+005
851.33	1.2617e+005
851.75	1.2518e+005
852.18	1.2511e+005
852.6	1.2624e+005
853.02	1.2569e+005
853.45	1.2585e+005
853.87	1.2505e+005
854.29	1.2413e+005
854.71	1.2252e+005
855.14	1.209e+005
855.56	1.2e+005
855.98	1.1943e+005
856.4	1.1893e+005
856.83	1.1816e+005
857.25	1.1691e+005
857.67	1.1688e+005
858.1	1.1561e+005
858.52	1.151e+005
858.94	1.1513e+005
859.36	1.1649e+005
859.79	1.1963e+005
860.21	1.2321e+005
860.63	1.2713e+005
861.06	1.3081e+005
861.48	1.3306e+005
861.9	1.3483e+005
862.32	1.3549e+005
862.75	1.3729e+005
863.17	1.3961e+005
863.59	1.4166e+005
864.01	1.4161e+005
864.44	1.4043e+005
864.86	1.4057e+005
865.28	1.4061e+005
865.71	1.4036e+005
866.13	1.4041e+005
866.55	1.4046e+005
866.97	1.4191e+005
867.4	1.4312e+005
867.82	1.451e+005
868.24	1.4798e+005
868.66	1.5289e+005
869.09	1.5841e+005
869.51	1.6007e+005
869.93	1.6058e+005
870.36	1.6264e+005
870.78	1.6607e+005
871.2	1.7053e+005
871.62	1.7608e+005
872.05	1.8497e+005
872.47	1.9573e+005
872.89	2.11e+005
873.32	2.2864e+005
873.74	2.4837e+005
874.16	2.7354e+005
874.58	3.1229e+005
875.01	3.6982e+005
875.43	4.6088e+005
875.85	6.0576e+005
876.27	8.0072e+005
876.7	9.4931e+005
877.12	9.8438e+005
877.54	9.4771e+005
877.97	8.7594e+005
878.39	7.901e+005
878.81	7.0576e+005
879.23	6.2513e+005
879.66	5.5512e+005
880.08	4.8464e+005
880.5	4.2439e+005
880.92	3.7213e+005
881.35	3.2916e+005
881.77	2.9058e+005
882.19	2.5618e+005
882.62	2.287e+005
883.04	2.0683e+005
