316.96	3.4566e+005
317.38	3.546e+005
317.81	3.5794e+005
318.23	3.5495e+005
318.65	3.5464e+005
319.08	3.5839e+005
319.5	3.5822e+005
319.92	3.5814e+005
320.34	3.5855e+005
320.77	3.6012e+005
321.19	3.5882e+005
321.61	3.6061e+005
322.03	3.6275e+005
322.46	3.6359e+005
322.88	3.6141e+005
323.3	3.6301e+005
323.73	3.6354e+005
324.15	3.6363e+005
324.57	3.6469e+005
324.99	3.6605e+005
325.42	3.6437e+005
325.84	3.6268e+005
326.26	3.6579e+005
326.69	3.6687e+005
327.11	3.6495e+005
327.53	3.6705e+005
327.95	3.6547e+005
328.38	3.6522e+005
328.8	3.6661e+005
329.22	3.6666e+005
329.64	3.6855e+005
330.07	3.6743e+005
330.49	3.6717e+005
330.91	3.6753e+005
331.34	3.7144e+005
331.76	3.6904e+005
332.18	3.6725e+005
332.6	3.7499e+005
333.03	3.7184e+005
333.45	3.6769e+005
333.87	3.7426e+005
334.29	3.7303e+005
334.72	3.7064e+005
335.14	3.7486e+005
335.56	3.7404e+005
335.99	3.7317e+005
336.41	3.7738e+005
336.83	3.7386e+005
337.25	3.7469e+005
337.68	3.7807e+005
338.1	3.7434e+005
338.52	3.756e+005
338.95	3.7773e+005
339.37	3.7677e+005
339.79	3.7592e+005
340.21	3.8052e+005
340.64	3.7892e+005
341.06	3.7754e+005
341.48	3.8188e+005
341.9	3.807e+005
342.33	3.7853e+005
342.75	3.8109e+005
343.17	3.8166e+005
343.6	3.8315e+005
344.02	3.8452e+005
344.44	3.8058e+005
344.86	3.84e+005
345.29	3.8721e+005
345.71	3.8222e+005
346.13	3.8427e+005
346.55	3.8846e+005
346.98	3.8436e+005
347.4	3.8723e+005
347.82	3.8966e+005
348.25	3.8914e+005
348.67	3.891e+005
349.09	3.8988e+005
349.51	3.9187e+005
349.94	3.913e+005
350.36	3.9129e+005
350.78	3.9268e+005
351.21	3.9396e+005
351.63	3.9306e+005
352.05	3.9246e+005
352.47	3.9424e+005
352.9	3.9558e+005
353.32	3.9588e+005
353.74	3.9646e+005
354.16	3.9859e+005
354.59	3.9955e+005
355.01	3.9617e+005
355.43	4.0002e+005
355.86	4.0249e+005
356.28	4.004e+005
356.7	3.9828e+005
357.12	4.0348e+005
357.55	4.0328e+005
357.97	4.0143e+005
358.39	4.0401e+005
358.81	4.0403e+005
359.24	4.0472e+005
359.66	4.0709e+005
360.08	4.0471e+005
360.51	4.0668e+005
360.93	4.0848e+005
361.35	4.0632e+005
361.77	4.0714e+005
362.2	4.1386e+005
362.62	4.1124e+005
363.04	4.1131e+005
363.47	4.1436e+005
363.89	4.1171e+005
364.31	4.1052e+005
364.73	4.1514e+005
365.16	4.1494e+005
365.58	4.1245e+005
366	4.1643e+005
366.42	4.1607e+005
366.85	4.1824e+005
367.27	4.2021e+005
367.69	4.1814e+005
368.12	4.199e+005
368.54	4.2368e+005
368.96	4.1941e+005
369.38	4.2015e+005
369.81	4.2622e+005
370.23	4.2412e+005
370.65	4.2279e+005
371.07	4.2655e+005
371.5	4.2813e+005
371.92	4.2646e+005
372.34	4.2934e+005
372.77	4.2937e+005
373.19	4.287e+005
373.61	4.3148e+005
374.03	4.2973e+005
374.46	4.3066e+005
374.88	4.3517e+005
375.3	4.314e+005
375.73	4.3255e+005
376.15	4.3688e+005
376.57	4.3493e+005
376.99	4.3732e+005
377.42	4.3824e+005
377.84	4.3879e+005
378.26	4.3839e+005
378.68	4.3998e+005
379.11	4.4197e+005
379.53	4.3949e+005
379.95	4.4129e+005
380.38	4.4511e+005
380.8	4.4399e+005
381.22	4.4443e+005
381.64	4.4536e+005
382.07	4.48e+005
382.49	4.4747e+005
382.91	4.482e+005
383.34	4.5078e+005
383.76	4.5164e+005
384.18	4.5083e+005
384.6	4.5237e+005
385.03	4.5382e+005
385.45	4.583e+005
385.87	4.5227e+005
386.29	4.5547e+005
386.72	4.6053e+005
387.14	4.5717e+005
387.56	4.5742e+005
387.99	4.6333e+005
388.41	4.5983e+005
388.83	4.5831e+005
389.25	4.6541e+005
389.68	4.6488e+005
390.1	4.6521e+005
390.52	4.6604e+005
390.94	4.6669e+005
391.37	4.687e+005
391.79	4.7353e+005
392.21	4.676e+005
392.64	4.6967e+005
393.06	4.7445e+005
393.48	4.7148e+005
393.9	4.7371e+005
394.33	4.7883e+005
394.75	4.7563e+005
395.17	4.7603e+005
395.6	4.8183e+005
396.02	4.805e+005
396.44	4.7952e+005
396.86	4.85e+005
397.29	4.834e+005
397.71	4.8553e+005
398.13	4.8664e+005
398.55	4.8504e+005
398.98	4.8773e+005
399.4	4.9072e+005
399.82	4.8889e+005
400.25	4.9237e+005
400.67	4.9506e+005
401.09	4.9244e+005
401.51	4.9278e+005
401.94	4.9803e+005
402.36	4.981e+005
402.78	4.9955e+005
403.2	5.0276e+005
403.63	5.0407e+005
404.05	5.0288e+005
404.47	5.0395e+005
404.9	5.0634e+005
405.32	5.1016e+005
405.74	5.0969e+005
406.16	5.0941e+005
406.59	5.1096e+005
407.01	5.1437e+005
407.43	5.1494e+005
407.86	5.1515e+005
408.28	5.1629e+005
408.7	5.2083e+005
409.12	5.1916e+005
409.55	5.2195e+005
409.97	5.2417e+005
410.39	5.2222e+005
410.81	5.2599e+005
411.24	5.2922e+005
411.66	5.2834e+005
412.08	5.2708e+005
412.51	5.3276e+005
412.93	5.3386e+005
413.35	5.3231e+005
413.77	5.3736e+005
414.2	5.3757e+005
414.62	5.3934e+005
415.04	5.4126e+005
415.46	5.4137e+005
415.89	5.4286e+005
416.31	5.4576e+005
416.73	5.4314e+005
417.16	5.4906e+005
417.58	5.5179e+005
418	5.4903e+005
418.42	5.4967e+005
418.85	5.5462e+005
419.27	5.5686e+005
419.69	5.5364e+005
420.12	5.5795e+005
420.54	5.5951e+005
420.96	5.5939e+005
421.38	5.6203e+005
421.81	5.6229e+005
422.23	5.6461e+005
422.65	5.6704e+005
423.07	5.6374e+005
423.5	5.6928e+005
423.92	5.7371e+005
424.34	5.7205e+005
424.77	5.705e+005
425.19	5.7741e+005
425.61	5.7527e+005
426.03	5.727e+005
426.46	5.815e+005
426.88	5.805e+005
427.3	5.8016e+005
427.72	5.8208e+005
428.15	5.8379e+005
428.57	5.8713e+005
428.99	5.873e+005
429.42	5.8863e+005
429.84	5.8795e+005
430.26	5.9152e+005
430.68	5.9233e+005
431.11	5.9772e+005
431.53	6.074e+005
431.95	6.1216e+005
432.38	6.1373e+005
432.8	6.1124e+005
433.22	6.0311e+005
433.64	6.0203e+005
434.07	6.0402e+005
434.49	6.072e+005
434.91	6.0886e+005
435.33	6.0784e+005
435.76	6.1196e+005
436.18	6.1052e+005
436.6	6.1375e+005
437.03	6.1452e+005
437.45	6.1556e+005
437.87	6.1659e+005
438.29	6.1791e+005
438.72	6.2145e+005
439.14	6.2288e+005
439.56	6.2388e+005
439.99	6.2338e+005
440.41	6.278e+005
440.83	6.3194e+005
441.25	6.2838e+005
441.68	6.2874e+005
442.1	6.3389e+005
442.52	6.3368e+005
442.94	6.3441e+005
443.37	6.4051e+005
443.79	6.3856e+005
444.21	6.3816e+005
444.64	6.437e+005
445.06	6.4217e+005
445.48	6.4528e+005
445.9	6.4724e+005
446.33	6.4595e+005
446.75	6.492e+005
447.17	6.5125e+005
447.59	6.4918e+005
448.02	6.5322e+005
448.44	6.5647e+005
448.86	6.5411e+005
449.29	6.5636e+005
449.71	6.6078e+005
450.13	6.599e+005
450.55	6.6037e+005
450.98	6.6514e+005
451.4	6.642e+005
451.82	6.6548e+005
452.25	6.7055e+005
452.67	6.6792e+005
453.09	6.7009e+005
453.51	6.7199e+005
453.94	6.7458e+005
454.36	6.7396e+005
454.78	6.7678e+005
455.2	6.7586e+005
455.63	6.7525e+005
456.05	6.8205e+005
456.47	6.7888e+005
456.9	6.7676e+005
457.32	6.8512e+005
457.74	6.8463e+005
458.16	6.8443e+005
458.59	6.889e+005
459.01	6.8726e+005
459.43	6.8861e+005
459.85	6.9227e+005
460.28	6.9231e+005
460.7	6.9511e+005
461.12	6.9544e+005
461.55	6.9471e+005
461.97	6.9916e+005
462.39	7e+005
462.81	7.0138e+005
463.24	7.0406e+005
463.66	7.0498e+005
464.08	7.0466e+005
464.51	7.0376e+005
464.93	7.073e+005
465.35	7.0993e+005
465.77	7.0849e+005
466.2	7.1207e+005
466.62	7.1616e+005
467.04	7.1766e+005
467.46	7.1806e+005
467.89	7.2213e+005
468.31	7.2229e+005
468.73	7.2402e+005
469.16	7.2833e+005
469.58	7.2996e+005
470	7.3087e+005
470.42	7.3421e+005
470.85	7.3718e+005
471.27	7.4368e+005
471.69	7.5096e+005
472.11	7.5479e+005
472.54	7.6329e+005
472.96	7.7795e+005
473.38	7.8693e+005
473.81	8.0411e+005
474.23	8.3242e+005
474.65	8.6365e+005
475.07	9.035e+005
475.5	9.6647e+005
475.92	1.0456e+006
476.34	1.1657e+006
476.77	1.3439e+006
477.19	1.5642e+006
477.61	1.8252e+006
478.03	2.1366e+006
478.46	2.5464e+006
478.88	3.0866e+006
479.3	3.7309e+006
479.72	4.4612e+006
480.15	5.3472e+006
480.57	6.4441e+006
480.99	7.7469e+006
481.42	9.213e+006
481.84	1.0875e+007
482.26	1.2848e+007
482.68	1.5198e+007
483.11	1.7925e+007
483.53	2.0893e+007
483.95	2.4231e+007
484.37	2.8093e+007
484.8	3.2457e+007
485.22	3.7134e+007
485.64	4.1979e+007
486.07	4.7223e+007
486.49	5.3461e+007
486.91	6.1394e+007
487.33	7.1589e+007
487.76	8.2909e+007
488.18	9.367e+007
488.6	1.0249e+008
489.03	1.0976e+008
489.45	1.1565e+008
489.87	1.1979e+008
490.29	1.2346e+008
490.72	1.2826e+008
491.14	1.3418e+008
491.56	1.4004e+008
491.98	1.449e+008
492.41	1.4955e+008
492.83	1.554e+008
493.25	1.6257e+008
493.68	1.6957e+008
494.1	1.7518e+008
494.52	1.7972e+008
494.94	1.8515e+008
495.37	1.9196e+008
495.79	1.989e+008
496.21	2.0425e+008
496.64	2.0807e+008
497.06	2.1235e+008
497.48	2.1832e+008
497.9	2.2511e+008
498.33	2.3071e+008
498.75	2.3459e+008
499.17	2.3824e+008
499.59	2.4329e+008
500.02	2.4906e+008
500.44	2.5344e+008
500.86	2.5511e+008
501.29	2.5563e+008
501.71	2.5763e+008
502.13	2.6187e+008
502.55	2.664e+008
502.98	2.6901e+008
503.4	2.6965e+008
503.82	2.7086e+008
504.24	2.7422e+008
504.67	2.7871e+008
505.09	2.8179e+008
505.51	2.827e+008
505.94	2.8323e+008
506.36	2.8566e+008
506.78	2.8992e+008
507.2	2.9361e+008
507.63	2.9482e+008
508.05	2.9452e+008
508.47	2.9576e+008
508.9	2.9976e+008
509.32	3.0442e+008
509.74	3.069e+008
510.16	3.0665e+008
510.59	3.0589e+008
511.01	3.0681e+008
511.43	3.0997e+008
511.85	3.1294e+008
512.28	3.1381e+008
512.7	3.131e+008
513.12	3.1338e+008
513.55	3.1615e+008
513.97	3.2012e+008
514.39	3.2254e+008
514.81	3.2216e+008
515.24	3.2072e+008
515.66	3.2091e+008
516.08	3.2389e+008
516.5	3.28e+008
516.93	3.3037e+008
517.35	3.3035e+008
517.77	3.2963e+008
518.2	3.3034e+008
518.62	3.3287e+008
519.04	3.3493e+008
519.46	3.3517e+008
519.89	3.3355e+008
520.31	3.3302e+008
520.73	3.3454e+008
521.16	3.3754e+008
521.58	3.3938e+008
522	3.3913e+008
522.42	3.375e+008
522.85	3.3697e+008
523.27	3.3885e+008
523.69	3.418e+008
524.11	3.4367e+008
524.54	3.4338e+008
524.96	3.4194e+008
525.38	3.4164e+008
525.81	3.4333e+008
526.23	3.461e+008
526.65	3.4763e+008
527.07	3.4706e+008
527.5	3.4579e+008
527.92	3.4569e+008
528.34	3.4723e+008
528.76	3.4924e+008
529.19	3.4996e+008
529.61	3.4889e+008
530.03	3.4763e+008
530.46	3.4784e+008
530.88	3.4995e+008
531.3	3.5226e+008
531.72	3.5309e+008
532.15	3.5207e+008
532.57	3.5036e+008
532.99	3.4993e+008
533.42	3.5122e+008
533.84	3.5253e+008
534.26	3.5279e+008
534.68	3.5216e+008
535.11	3.5174e+008
535.53	3.5262e+008
535.95	3.5503e+008
536.37	3.5719e+008
536.8	3.5736e+008
537.22	3.56e+008
537.64	3.5422e+008
538.07	3.5415e+008
538.49	3.5593e+008
538.91	3.5836e+008
539.33	3.5922e+008
539.76	3.5804e+008
540.18	3.5611e+008
540.6	3.5533e+008
541.02	3.5663e+008
541.45	3.5898e+008
541.87	3.6019e+008
542.29	3.5902e+008
542.72	3.5672e+008
543.14	3.5521e+008
543.56	3.5573e+008
543.98	3.5771e+008
544.41	3.5937e+008
544.83	3.5912e+008
545.25	3.5729e+008
545.68	3.5561e+008
546.1	3.5563e+008
546.52	3.5754e+008
546.94	3.5976e+008
547.37	3.6053e+008
547.79	3.5941e+008
548.21	3.5754e+008
548.63	3.5665e+008
549.06	3.5747e+008
549.48	3.592e+008
549.9	3.6013e+008
550.33	3.5922e+008
550.75	3.5699e+008
551.17	3.5515e+008
551.59	3.5521e+008
552.02	3.5665e+008
552.44	3.5829e+008
552.86	3.5833e+008
553.29	3.5698e+008
553.71	3.5542e+008
554.13	3.55e+008
554.55	3.56e+008
554.98	3.5757e+008
555.4	3.5813e+008
555.82	3.569e+008
556.24	3.5464e+008
556.67	3.5275e+008
557.09	3.5249e+008
557.51	3.5395e+008
557.94	3.557e+008
558.36	3.5626e+008
558.78	3.5551e+008
559.2	3.5389e+008
559.63	3.5299e+008
560.05	3.5312e+008
560.47	3.5402e+008
560.89	3.5471e+008
561.32	3.5429e+008
561.74	3.529e+008
562.16	3.5154e+008
562.59	3.5132e+008
563.01	3.5262e+008
563.43	3.5441e+008
563.85	3.5556e+008
564.28	3.553e+008
564.7	3.5416e+008
565.12	3.5334e+008
565.55	3.5356e+008
565.97	3.545e+008
566.39	3.5538e+008
566.81	3.5537e+008
567.24	3.5432e+008
567.66	3.5275e+008
568.08	3.5168e+008
568.5	3.5149e+008
568.93	3.5218e+008
569.35	3.5295e+008
569.77	3.531e+008
570.2	3.5231e+008
570.62	3.5129e+008
571.04	3.5087e+008
571.46	3.5115e+008
571.89	3.519e+008
572.31	3.522e+008
572.73	3.514e+008
573.15	3.5007e+008
573.58	3.4873e+008
574	3.4809e+008
574.42	3.4833e+008
574.85	3.4891e+008
575.27	3.4925e+008
575.69	3.4883e+008
576.11	3.478e+008
576.54	3.4683e+008
576.96	3.4666e+008
577.38	3.4746e+008
577.81	3.4831e+008
578.23	3.4865e+008
578.65	3.4801e+008
579.07	3.4658e+008
579.5	3.4538e+008
579.92	3.4503e+008
580.34	3.4545e+008
580.76	3.4646e+008
581.19	3.4691e+008
581.61	3.4626e+008
582.03	3.4446e+008
582.46	3.4225e+008
582.88	3.4052e+008
583.3	3.3967e+008
583.72	3.3936e+008
584.15	3.3914e+008
584.57	3.3831e+008
584.99	3.3695e+008
585.41	3.3556e+008
585.84	3.3451e+008
586.26	3.3396e+008
586.68	3.3373e+008
587.11	3.3284e+008
587.53	3.3127e+008
587.95	3.2883e+008
588.37	3.2629e+008
588.8	3.2431e+008
589.22	3.2316e+008
589.64	3.2285e+008
590.07	3.2278e+008
590.49	3.221e+008
590.91	3.2083e+008
591.33	3.1926e+008
591.76	3.1751e+008
592.18	3.1648e+008
592.6	3.1565e+008
593.02	3.1461e+008
593.45	3.1242e+008
593.87	3.0894e+008
594.29	3.0447e+008
594.72	3.0073e+008
595.14	2.9821e+008
595.56	2.9745e+008
595.98	2.9815e+008
596.41	2.99e+008
596.83	2.9917e+008
597.25	2.9795e+008
597.67	2.9533e+008
598.1	2.9249e+008
598.52	2.9033e+008
598.94	2.8951e+008
599.37	2.8969e+008
599.79	2.8998e+008
600.21	2.8926e+008
600.63	2.8703e+008
601.06	2.8393e+008
601.48	2.8106e+008
601.9	2.798e+008
602.33	2.8075e+008
602.75	2.833e+008
603.17	2.8614e+008
603.59	2.8761e+008
604.02	2.8659e+008
604.44	2.8355e+008
604.86	2.8e+008
605.28	2.7744e+008
605.71	2.7617e+008
606.13	2.753e+008
606.55	2.7322e+008
606.98	2.6869e+008
607.4	2.6204e+008
607.82	2.5511e+008
608.24	2.504e+008
608.67	2.495e+008
609.09	2.5264e+008
609.51	2.5766e+008
609.94	2.6104e+008
610.36	2.5939e+008
610.78	2.5195e+008
611.2	2.4123e+008
611.63	2.3147e+008
612.05	2.2648e+008
612.47	2.277e+008
612.89	2.3373e+008
613.32	2.4056e+008
613.74	2.4363e+008
614.16	2.4036e+008
614.59	2.3168e+008
615.01	2.2181e+008
615.43	2.1526e+008
615.85	2.1443e+008
616.28	2.1922e+008
616.7	2.2619e+008
617.12	2.3074e+008
617.54	2.2913e+008
617.97	2.2142e+008
618.39	2.1165e+008
618.81	2.0453e+008
619.24	2.0339e+008
619.66	2.084e+008
620.08	2.1641e+008
620.5	2.224e+008
620.93	2.219e+008
621.35	2.1406e+008
621.77	2.0243e+008
622.2	1.9242e+008
622.62	1.88e+008
623.04	1.9022e+008
623.46	1.9719e+008
623.89	2.0475e+008
624.31	2.0795e+008
624.73	2.0454e+008
625.15	1.9648e+008
625.58	1.8824e+008
626	1.84e+008
626.42	1.8537e+008
626.85	1.9122e+008
627.27	1.9801e+008
627.69	2.016e+008
628.11	1.9966e+008
628.54	1.9325e+008
628.96	1.8583e+008
629.38	1.8109e+008
629.8	1.8063e+008
630.23	1.8321e+008
630.65	1.8605e+008
631.07	1.8625e+008
631.5	1.8234e+008
631.92	1.7572e+008
632.34	1.6991e+008
632.76	1.6773e+008
633.19	1.7017e+008
633.61	1.7566e+008
634.03	1.8093e+008
634.46	1.8239e+008
634.88	1.7869e+008
635.3	1.7156e+008
635.72	1.6486e+008
636.15	1.6193e+008
636.57	1.6401e+008
636.99	1.6989e+008
637.41	1.7615e+008
637.84	1.7883e+008
638.26	1.7585e+008
638.68	1.6873e+008
639.11	1.611e+008
639.53	1.5666e+008
639.95	1.5694e+008
640.37	1.6124e+008
640.8	1.6698e+008
641.22	1.7086e+008
641.64	1.7086e+008
642.06	1.6739e+008
642.49	1.6309e+008
642.91	1.6085e+008
643.33	1.6197e+008
643.76	1.6559e+008
644.18	1.6972e+008
644.6	1.7137e+008
645.02	1.697e+008
645.45	1.656e+008
645.87	1.6131e+008
646.29	1.5886e+008
646.72	1.5882e+008
647.14	1.6019e+008
647.56	1.6042e+008
647.98	1.5724e+008
648.41	1.5085e+008
648.83	1.4386e+008
649.25	1.3932e+008
649.67	1.3903e+008
650.1	1.4294e+008
650.52	1.4869e+008
650.94	1.525e+008
651.37	1.5161e+008
651.79	1.4601e+008
652.21	1.3847e+008
652.63	1.326e+008
653.06	1.3068e+008
653.48	1.3251e+008
653.9	1.3623e+008
654.32	1.3899e+008
654.75	1.3877e+008
655.17	1.3566e+008
655.59	1.3188e+008
656.02	1.2994e+008
656.44	1.3114e+008
656.86	1.343e+008
657.28	1.3691e+008
657.71	1.3601e+008
658.13	1.3075e+008
658.55	1.2333e+008
658.98	1.1743e+008
659.4	1.1574e+008
659.82	1.1884e+008
660.24	1.2497e+008
660.67	1.3045e+008
661.09	1.3157e+008
661.51	1.2733e+008
661.93	1.2018e+008
662.36	1.1389e+008
662.78	1.1137e+008
663.2	1.1299e+008
663.63	1.1705e+008
664.05	1.2072e+008
664.47	1.2163e+008
664.89	1.1951e+008
665.32	1.1635e+008
665.74	1.1506e+008
666.16	1.1673e+008
666.59	1.1992e+008
667.01	1.2152e+008
667.43	1.1885e+008
667.85	1.1202e+008
668.28	1.0431e+008
668.7	9.9761e+007
669.12	1.0076e+008
669.54	1.0664e+008
669.97	1.1364e+008
670.39	1.1659e+008
670.81	1.1263e+008
671.24	1.038e+008
671.66	9.5161e+007
672.08	9.0825e+007
672.5	9.1184e+007
672.93	9.3604e+007
673.35	9.4473e+007
673.77	9.1518e+007
674.19	8.5636e+007
674.62	8.0399e+007
675.04	7.9048e+007
675.46	8.2355e+007
675.89	8.8076e+007
676.31	9.1769e+007
676.73	9.0091e+007
677.15	8.3976e+007
677.58	7.8126e+007
678	7.6584e+007
678.42	7.9694e+007
678.85	8.446e+007
679.27	8.7245e+007
679.69	8.6348e+007
680.11	8.3348e+007
680.54	8.185e+007
680.96	8.4047e+007
681.38	8.818e+007
681.8	8.9669e+007
682.23	8.5661e+007
682.65	7.8138e+007
683.07	7.2481e+007
683.5	7.2157e+007
683.92	7.5652e+007
684.34	7.8021e+007
684.76	7.5486e+007
685.19	6.9316e+007
685.61	6.466e+007
686.03	6.4864e+007
686.45	6.7475e+007
686.88	6.7286e+007
687.3	6.2119e+007
687.72	5.5924e+007
688.15	5.482e+007
688.57	5.8981e+007
688.99	6.1705e+007
689.41	5.7526e+007
689.84	4.8926e+007
690.26	4.4793e+007
690.68	4.8139e+007
691.11	5.2029e+007
691.53	5.067e+007
691.95	4.71e+007
692.37	4.8019e+007
692.8	4.8437e+007
693.22	4.1278e+007
693.64	2.9898e+007
694.06	2.8984e+007
694.49	3.4141e+007
694.91	3.3725e+007
695.33	2.5659e+007
695.76	1.9605e+007
696.18	1.8427e+007
696.6	1.6827e+007
697.02	1.8583e+007
697.45	2.6948e+007
697.87	2.9974e+007
698.29	2.1526e+007
698.71	7.8443e+006
699.14	1.8853e+006
699.56	8.2193e+005
699.98	5.9676e+005
700.41	5.1227e+005
700.83	4.8474e+005
701.25	4.7425e+005
701.67	4.6949e+005
702.1	4.7379e+005
702.52	4.7067e+005
702.94	4.6809e+005
703.37	4.6934e+005
703.79	4.682e+005
704.21	4.6633e+005
704.63	4.6616e+005
705.06	4.6501e+005
705.48	4.6551e+005
705.9	4.649e+005
706.32	4.6485e+005
706.75	4.6431e+005
707.17	4.6302e+005
707.59	4.6092e+005
708.02	4.6103e+005
708.44	4.6003e+005
708.86	4.589e+005
709.28	4.5648e+005
709.71	4.573e+005
710.13	4.5785e+005
710.55	4.551e+005
710.97	4.5488e+005
711.4	4.5338e+005
711.82	4.4995e+005
712.24	4.4961e+005
712.67	4.4936e+005
713.09	4.4883e+005
713.51	4.4709e+005
713.93	4.4708e+005
714.36	4.4538e+005
714.78	4.4163e+005
715.2	4.4453e+005
715.63	4.4019e+005
716.05	4.3995e+005
716.47	4.4172e+005
716.89	4.3909e+005
717.32	4.3556e+005
717.74	4.3967e+005
718.16	4.3531e+005
718.58	4.3223e+005
719.01	4.3548e+005
719.43	4.3384e+005
719.85	4.294e+005
720.28	4.3197e+005
720.7	4.2914e+005
721.12	4.2729e+005
721.54	4.2877e+005
721.97	4.2669e+005
722.39	4.265e+005
722.81	4.2738e+005
723.24	4.219e+005
723.66	4.2161e+005
724.08	4.2435e+005
724.5	4.2143e+005
724.93	4.1805e+005
725.35	4.2149e+005
725.77	4.1618e+005
726.19	4.1626e+005
726.62	4.1621e+005
727.04	4.1488e+005
727.46	4.1185e+005
727.89	4.1519e+005
728.31	4.1241e+005
728.73	4.1221e+005
729.15	4.1048e+005
729.58	4.0884e+005
730	4.0838e+005
730.42	4.1004e+005
730.84	4.0704e+005
731.27	4.0544e+005
731.69	4.0646e+005
732.11	4.0297e+005
732.54	3.9891e+005
732.96	4.0498e+005
733.38	4.018e+005
733.8	3.9987e+005
734.23	4.0325e+005
734.65	4.0017e+005
735.07	3.9921e+005
735.5	3.9879e+005
735.92	3.986e+005
736.34	3.967e+005
736.76	3.9378e+005
737.19	3.9507e+005
737.61	3.9354e+005
738.03	3.9271e+005
738.45	3.9171e+005
738.88	3.91e+005
739.3	3.8978e+005
739.72	3.9148e+005
740.15	3.8626e+005
740.57	3.8752e+005
740.99	3.8916e+005
741.41	3.8278e+005
741.84	3.849e+005
742.26	3.8592e+005
742.68	3.8432e+005
743.1	3.8159e+005
743.53	3.8258e+005
743.95	3.7807e+005
744.37	3.7511e+005
744.8	3.7989e+005
745.22	3.7681e+005
745.64	3.7614e+005
746.06	3.7746e+005
746.49	3.7383e+005
746.91	3.7537e+005
747.33	3.765e+005
747.76	3.7317e+005
748.18	3.7166e+005
748.6	3.7553e+005
749.02	3.6832e+005
749.45	3.6825e+005
749.87	3.7289e+005
750.29	3.6962e+005
750.71	3.66e+005
751.14	3.6855e+005
751.56	3.6801e+005
751.98	3.6396e+005
752.41	3.6534e+005
752.83	3.6353e+005
753.25	3.6445e+005
753.67	3.6127e+005
754.1	3.6125e+005
754.52	3.621e+005
754.94	3.6233e+005
755.36	3.5916e+005
755.79	3.5671e+005
756.21	3.615e+005
756.63	3.592e+005
757.06	3.5399e+005
757.48	3.5716e+005
757.9	3.5676e+005
758.32	3.5463e+005
758.75	3.5434e+005
759.17	3.53e+005
759.59	3.5062e+005
760.02	3.5278e+005
760.44	3.5118e+005
760.86	3.4957e+005
761.28	3.5113e+005
761.71	3.4728e+005
762.13	3.4766e+005
762.55	3.5075e+005
762.97	3.4776e+005
763.4	3.4636e+005
763.82	3.4567e+005
764.24	3.4522e+005
764.67	3.4296e+005
765.09	3.4164e+005
765.51	3.4458e+005
765.93	3.4107e+005
766.36	3.385e+005
766.78	3.4114e+005
767.2	3.3982e+005
767.62	3.3865e+005
768.05	3.3946e+005
768.47	3.3746e+005
768.89	3.3766e+005
769.32	3.3815e+005
769.74	3.3517e+005
770.16	3.3576e+005
770.58	3.3502e+005
771.01	3.3339e+005
771.43	3.3241e+005
771.85	3.3634e+005
772.28	3.3231e+005
772.7	3.3093e+005
773.12	3.3453e+005
773.54	3.2947e+005
773.97	3.2993e+005
774.39	3.3213e+005
774.81	3.2886e+005
775.23	3.2577e+005
775.66	3.2832e+005
776.08	3.2723e+005
776.5	3.2487e+005
776.93	3.2764e+005
777.35	3.2372e+005
777.77	3.2378e+005
778.19	3.2497e+005
778.62	3.2136e+005
779.04	3.2156e+005
779.46	3.2581e+005
779.89	3.1939e+005
780.31	3.1775e+005
780.73	3.2332e+005
781.15	3.2018e+005
781.58	3.1911e+005
782	3.1989e+005
782.42	3.1784e+005
782.84	3.1546e+005
783.27	3.1793e+005
783.69	3.1546e+005
784.11	3.1379e+005
784.54	3.1581e+005
784.96	3.1331e+005
785.38	3.1422e+005
785.8	3.1491e+005
786.23	3.1255e+005
786.65	3.108e+005
787.07	3.1359e+005
787.49	3.0942e+005
787.92	3.0884e+005
788.34	3.1168e+005
788.76	3.1045e+005
789.19	3.0731e+005
789.61	3.0862e+005
790.03	3.0923e+005
790.45	3.0729e+005
790.88	3.0674e+005
791.3	3.0692e+005
791.72	3.0472e+005
792.15	3.0675e+005
792.57	3.0501e+005
792.99	3.0321e+005
793.41	3.035e+005
793.84	3.0165e+005
794.26	3.0402e+005
794.68	3.0344e+005
795.1	3.0253e+005
795.53	2.9729e+005
795.95	3.0028e+005
796.37	3.0113e+005
796.8	2.9808e+005
797.22	2.9581e+005
797.64	3.0072e+005
798.06	2.9771e+005
798.49	2.9609e+005
798.91	3.0176e+005
799.33	2.9695e+005
799.75	2.9701e+005
800.18	2.9677e+005
800.6	2.9682e+005
801.02	2.9632e+005
801.45	2.9615e+005
801.87	2.957e+005
802.29	2.9294e+005
802.71	2.9657e+005
803.14	2.9185e+005
803.56	2.9365e+005
803.98	2.9491e+005
804.41	2.9267e+005
804.83	2.8972e+005
805.25	2.9477e+005
805.67	2.9127e+005
806.1	2.8807e+005
806.52	2.9306e+005
806.94	2.9036e+005
807.36	2.8824e+005
807.79	2.9127e+005
808.21	2.8846e+005
808.63	2.8852e+005
809.06	2.9156e+005
809.48	2.8733e+005
809.9	2.8837e+005
810.32	2.9097e+005
810.75	2.8598e+005
811.17	2.8677e+005
811.59	2.9019e+005
812.01	2.8682e+005
812.44	2.8336e+005
812.86	2.8672e+005
813.28	2.8543e+005
813.71	2.8363e+005
814.13	2.8521e+005
814.55	2.852e+005
814.97	2.851e+005
815.4	2.8334e+005
815.82	2.8411e+005
816.24	2.8381e+005
816.67	2.8287e+005
817.09	2.8085e+005
817.51	2.8305e+005
817.93	2.8439e+005
818.36	2.8026e+005
818.78	2.8169e+005
819.2	2.8089e+005
819.62	2.8275e+005
820.05	2.806e+005
820.47	2.8141e+005
820.89	2.7993e+005
821.32	2.7883e+005
821.74	2.7718e+005
822.16	2.7845e+005
822.58	2.7935e+005
823.01	2.7749e+005
823.43	2.7908e+005
823.85	2.7806e+005
824.27	2.7754e+005
824.7	2.7807e+005
825.12	2.757e+005
825.54	2.7557e+005
825.97	2.7943e+005
826.39	2.7194e+005
826.81	2.7447e+005
827.23	2.7714e+005
827.66	2.7512e+005
828.08	2.7417e+005
828.5	2.7779e+005
828.93	2.7191e+005
829.35	2.7203e+005
829.77	2.7428e+005
830.19	2.7432e+005
830.62	2.713e+005
831.04	2.7439e+005
831.46	2.7276e+005
831.88	2.7055e+005
832.31	2.7347e+005
832.73	2.6969e+005
833.15	2.6973e+005
833.58	2.725e+005
834	2.68e+005
834.42	2.6953e+005
834.84	2.7299e+005
835.27	2.6728e+005
835.69	2.6749e+005
836.11	2.7184e+005
836.54	2.6845e+005
836.96	2.6656e+005
837.38	2.6925e+005
837.8	2.6818e+005
838.23	2.6665e+005
838.65	2.6814e+005
839.07	2.6704e+005
839.49	2.6778e+005
839.92	2.6639e+005
840.34	2.6332e+005
840.76	2.6494e+005
841.19	2.672e+005
841.61	2.6376e+005
842.03	2.6456e+005
842.45	2.6559e+005
842.88	2.6337e+005
843.3	2.6211e+005
843.72	2.6572e+005
844.14	2.643e+005
844.57	2.6194e+005
844.99	2.6474e+005
845.41	2.6552e+005
845.84	2.6227e+005
846.26	2.6111e+005
846.68	2.623e+005
847.1	2.6215e+005
847.53	2.6239e+005
847.95	2.6125e+005
848.37	2.5932e+005
848.8	2.6202e+005
849.22	2.603e+005
849.64	2.6172e+005
850.06	2.6167e+005
850.49	2.6177e+005
850.91	2.582e+005
851.33	2.5827e+005
851.75	2.6142e+005
852.18	2.585e+005
852.6	2.5857e+005
853.02	2.6294e+005
853.45	2.5957e+005
853.87	2.5715e+005
854.29	2.5959e+005
854.71	2.5845e+005
855.14	2.585e+005
855.56	2.5917e+005
855.98	2.5729e+005
856.4	2.5752e+005
856.83	2.5804e+005
857.25	2.5557e+005
857.67	2.5816e+005
858.1	2.5882e+005
858.52	2.5707e+005
858.94	2.5535e+005
859.36	2.6007e+005
859.79	2.5552e+005
860.21	2.5274e+005
860.63	2.5832e+005
861.06	2.5661e+005
861.48	2.5274e+005
861.9	2.5607e+005
862.32	2.5522e+005
862.75	2.5354e+005
863.17	2.5597e+005
863.59	2.5534e+005
864.01	2.5526e+005
864.44	2.5641e+005
864.86	2.5375e+005
865.28	2.532e+005
865.71	2.5776e+005
866.13	2.5247e+005
866.55	2.5385e+005
866.97	2.5595e+005
867.4	2.5442e+005
867.82	2.5186e+005
868.24	2.5512e+005
868.66	2.5504e+005
869.09	2.5383e+005
869.51	2.5407e+005
869.93	2.5581e+005
870.36	2.5619e+005
870.78	2.5822e+005
871.2	2.6207e+005
871.62	2.7848e+005
872.05	2.9066e+005
872.47	2.8995e+005
872.89	2.8584e+005
873.32	3.4606e+005
873.74	4.3667e+005
874.16	4.7335e+005
874.58	4.3241e+005
875.01	4.2355e+005
875.43	8.6519e+005
875.85	1.6723e+006
876.27	2.1427e+006
876.7	1.9394e+006
877.12	1.5366e+006
877.54	2.5318e+006
877.97	5.2511e+006
878.39	7.3434e+006
878.81	6.9452e+006
879.23	4.2848e+006
879.66	2.7092e+006
880.08	2.8148e+006
880.5	3.8561e+006
880.92	4.6101e+006
881.35	4.1728e+006
881.77	2.7598e+006
882.19	1.6787e+006
882.62	1.295e+006
883.04	1.3415e+006
